400
1 454 455 70
2 344 346 94
2 373 375 87
1 320 321 79
1 563 564 77
2 608 610 72
1 693 694 96
2 731 733 70
1 409 410 85
2 214 216 98
2 550 553 79
2 146 148 76
1 297 298 82
2 730 732 84
1 293 294 83
1 202 203 85
2 291 293 78
1 608 609 70
2 238 240 93
2 464 466 83
2 149 151 91
1 701 702 72
1 661 662 94
2 771 774 72
2 510 513 96
1 410 411 92
1 232 233 84
2 669 671 87
1 138 139 90
2 33 36 91
1 275 276 76
1 161 162 89
2 342 345 84
2 32 34 94
2 229 231 93
1 616 617 99
2 429 432 91
1 456 457 87
2 211 214 75
2 539 541 85
1 70 71 87
2 269 271 71
1 367 368 72
1 416 417 85
1 573 574 89
1 200 201 87
2 126 128 80
2 793 795 79
2 745 748 71
2 725 728 77
2 468 471 86
1 688 689 75
1 34 35 95
2 27 29 94
1 139 140 78
1 156 157 96
2 555 557 83
2 510 512 93
2 5 8 86
1 333 334 90
1 654 655 87
2 48 51 86
2 689 691 93
2 286 288 92
2 281 283 90
2 142 144 80
2 212 214 70
2 335 337 90
1 67 68 98
2 91 93 99
2 150 152 74
1 129 130 82
2 308 310 86
1 188 189 93
2 161 164 71
2 428 431 71
1 195 196 81
2 186 189 71
2 781 784 81
1 340 341 71
1 723 724 76
1 400 401 82
2 351 353 92
2 675 677 73
1 745 746 97
1 84 85 70
1 304 305 71
1 641 642 77
2 402 404 75
1 680 681 70
1 631 632 81
1 470 471 80
2 120 123 70
1 170 171 88
2 243 245 97
2 457 459 90
1 658 659 75
1 178 179 76
1 607 608 87
2 578 580 94
1 774 775 86
2 299 301 94
1 605 606 98
1 23 24 73
1 487 488 84
2 27 29 75
1 652 653 74
2 759 761 97
1 80 81 83
1 636 637 79
2 521 524 70
1 660 661 76
1 634 635 88
2 661 663 83
2 686 688 70
1 573 574 97
2 94 96 81
1 1 2 92
2 173 176 98
2 396 398 74
1 381 382 94
1 190 191 72
1 288 289 82
1 268 269 75
2 555 558 81
2 395 398 71
2 659 661 90
2 64 66 93
1 290 291 96
1 791 792 81
1 492 493 94
2 336 338 76
2 645 647 80
1 598 599 93
1 625 626 88
1 101 102 78
1 793 794 99
1 224 225 72
1 714 715 88
1 761 762 88
2 203 205 76
1 624 625 82
1 412 413 77
1 87 88 70
1 754 755 72
2 790 792 83
2 49 52 85
2 549 551 95
2 145 147 81
2 10 12 80
1 454 455 77
1 152 153 87
1 132 133 97
1 408 409 70
1 340 341 97
1 311 312 73
2 297 300 73
2 740 742 91
2 668 670 77
1 137 138 75
1 57 58 81
2 394 396 71
1 782 783 97
2 661 664 96
1 777 778 74
1 649 650 92
2 502 504 79
1 68 69 98
1 253 254 91
1 453 454 82
2 238 240 95
2 84 87 73
2 207 209 93
1 687 688 81
2 607 610 77
1 651 652 75
2 762 765 72
1 47 48 94
1 407 408 74
2 498 500 90
1 682 683 84
1 79 80 84
2 648 650 80
2 700 702 95
1 320 321 74
2 293 295 92
2 588 591 81
1 664 665 90
1 469 470 95
2 756 759 76
1 264 265 79
2 356 358 84
1 398 399 89
1 573 574 92
2 568 571 82
1 275 276 72
1 85 86 88
1 12 13 82
1 385 386 93
1 236 237 86
1 193 194 70
1 348 349 96
2 591 593 81
1 100 101 87
1 453 454 86
1 34 35 82
2 211 213 94
1 22 23 98
1 83 84 81
1 169 170 83
1 496 497 71
1 376 377 96
2 528 530 80
1 533 534 97
1 177 178 71
1 315 316 73
2 587 589 90
2 94 96 88
2 730 732 92
2 407 409 76
2 344 346 96
2 224 226 93
1 601 602 87
2 264 267 77
2 308 310 82
2 707 709 78
2 121 124 74
1 687 688 88
2 527 529 73
1 34 35 78
2 774 777 99
1 606 607 83
2 290 292 75
1 377 378 76
2 428 431 75
2 462 465 93
2 212 214 96
1 608 609 95
1 497 498 95
1 708 709 96
1 716 717 90
1 137 138 96
1 658 659 83
2 312 314 88
2 102 104 87
2 101 103 89
2 386 389 83
1 163 164 80
2 186 188 97
2 689 691 75
1 128 129 82
2 231 234 75
1 173 174 82
2 683 685 72
1 57 58 87
1 529 530 97
2 331 334 78
1 549 550 83
2 658 661 76
2 552 555 73
1 87 88 73
2 630 632 84
2 152 154 81
3 157 160 89
3 225 228 78
3 123 127 84
2 693 696 84
2 433 435 79
2 128 130 88
2 735 737 98
1 505 506 80
1 533 534 71
2 194 196 79
2 264 266 83
1 325 326 97
1 602 603 89
2 562 564 83
2 677 679 72
3 475 479 77
3 172 175 99
2 129 131 95
2 259 262 85
3 186 190 87
1 263 264 85
2 533 535 94
3 32 35 83
2 397 399 80
2 695 698 85
1 363 364 95
2 382 384 87
2 690 692 74
1 547 548 86
3 148 152 93
1 64 65 88
1 480 481 77
2 373 376 77
3 44 47 86
1 98 99 82
3 461 465 97
3 322 325 94
2 222 225 86
3 761 764 84
3 33 37 90
1 451 452 72
2 502 504 91
2 522 524 75
1 67 68 72
1 318 319 96
2 524 526 78
3 495 499 90
3 161 164 96
2 727 729 72
3 177 181 71
3 756 759 82
1 634 635 74
3 251 254 75
3 444 447 90
2 736 739 88
1 235 236 76
3 404 408 77
1 101 102 79
2 628 630 93
2 756 758 83
3 35 38 91
2 529 531 86
1 419 420 91
1 194 195 73
1 749 750 99
3 700 703 91
1 439 440 86
2 535 537 91
3 3 6 86
1 686 687 93
2 761 763 97
2 516 518 87
4 104 110 82
2 458 461 91
2 661 663 92
2 51 53 89
1 529 530 74
1 343 344 71
1 393 394 75
1 438 439 83
1 459 460 81
4 209 213 85
4 615 621 82
1 116 117 86
4 267 271 87
2 141 143 90
4 550 556 77
1 474 475 81
1 303 304 84
3 7 11 98
4 422 426 99
2 314 316 73
3 495 498 72
2 361 364 81
1 682 683 72
3 27 30 99
1 125 126 76
5 209 214 80
3 555 558 96
2 131 133 93
5 272 279 93
3 357 361 87
5 683 688 76
2 484 486 74
5 539 546 83
4 569 575 85
1 88 89 97
2 508 510 83
4 561 565 84
5 455 462 82
1 521 522 74
5 170 176 73
5 446 452 81
6 80 89 86
4 503 507 87
1 455 456 89
6 680 688 89
1 171 172 98
3 388 392 71
3 60 64 80
3 221 224 95
6 644 650 93
8 792 800 89
7 416 424 83
5 626 633 84
4 255 260 96
2 481 484 91
2 438 440 72
4 306 311 89
8 175 184 94
3 649 653 92
1 339 340 84
12 689 707 74
9 95 107 69
10 293 304 71
6 722 728 74
40 241 292 93
