350
1 422 423 89
1 775 776 76
1 494 495 84
1 167 168 73
1 539 540 78
2 252 255 88
1 498 499 97
2 218 220 87
2 250 252 86
1 289 290 79
1 733 734 94
2 12 14 88
2 770 773 94
1 291 292 84
2 342 345 86
1 449 450 86
1 150 151 76
2 26 29 84
2 613 616 88
2 282 285 93
1 117 118 80
1 290 291 94
2 233 236 94
2 490 492 72
1 122 123 79
1 402 403 79
2 13 15 91
2 97 99 77
1 419 420 89
2 600 603 85
1 325 326 85
1 551 552 96
1 78 79 93
2 237 239 73
2 356 359 97
2 116 119 94
2 768 770 87
2 788 791 93
1 473 474 83
1 567 568 91
1 624 625 70
1 265 266 82
1 367 368 81
1 773 774 93
1 481 482 97
2 392 395 69
1 312 313 99
2 336 338 71
1 128 129 77
2 104 106 90
2 261 263 96
2 231 233 78
1 491 492 71
1 485 486 98
2 142 144 97
2 73 75 86
2 567 569 92
2 399 402 75
1 797 798 76
1 790 791 84
1 652 653 77
2 286 288 90
1 94 95 97
1 394 395 91
2 473 475 75
1 44 45 93
1 96 97 75
1 461 462 93
2 45 47 91
2 571 573 88
2 366 368 81
1 250 251 93
2 733 735 88
2 221 223 75
2 197 199 92
1 21 22 70
1 253 254 91
1 125 126 99
1 364 365 74
1 446 447 76
2 231 233 80
2 679 682 95
1 293 294 95
2 19 22 71
2 766 768 93
1 410 411 81
1 122 123 92
2 122 125 91
1 304 305 82
1 382 383 79
2 139 142 85
2 766 768 76
1 283 284 93
2 393 396 71
1 114 115 93
1 381 382 90
2 429 432 91
2 440 443 96
1 146 147 72
2 442 445 79
2 602 604 79
1 341 342 96
1 668 669 90
2 122 125 72
2 417 420 70
1 685 686 81
1 383 384 94
1 733 734 70
2 601 604 76
1 175 176 79
1 772 773 87
1 558 559 88
1 703 704 74
1 135 136 81
2 697 699 84
2 579 581 85
1 524 525 78
1 539 540 82
2 619 621 80
2 684 686 74
2 227 230 72
2 547 550 97
1 460 461 84
1 441 442 82
1 74 75 86
1 651 652 87
1 479 480 70
2 153 155 79
1 537 538 91
1 597 598 71
2 306 309 87
1 739 740 91
1 329 330 78
2 181 184 93
2 640 642 94
2 329 331 86
1 651 652 71
1 563 564 92
1 618 619 89
2 438 440 89
2 725 727 89
2 783 785 98
2 89 92 90
1 68 69 77
2 579 581 85
2 455 457 74
2 357 360 72
2 1 3 72
1 87 88 86
2 775 778 86
1 414 415 94
2 83 86 89
2 95 97 85
2 88 90 97
1 380 381 73
1 83 84 89
1 659 660 91
2 524 526 76
1 483 484 75
2 624 626 83
2 252 255 80
1 601 602 77
1 291 292 75
1 361 362 95
1 778 779 78
3 391 395 73
2 790 792 91
1 182 183 81
3 277 281 79
1 117 118 87
3 405 408 79
2 77 79 76
2 484 487 99
1 293 294 71
2 510 512 82
3 530 533 79
1 162 163 95
1 488 489 79
1 235 236 85
3 9 13 77
2 706 708 74
2 676 678 79
1 431 432 83
1 161 162 75
3 25 28 78
1 112 113 85
3 331 334 84
1 515 516 87
3 570 573 85
1 313 314 75
2 431 434 99
3 562 566 94
1 648 649 78
1 580 581 90
1 595 596 84
2 739 741 88
2 208 211 72
1 634 635 93
2 557 559 91
1 120 121 80
1 423 424 87
2 711 714 90
3 478 482 89
2 61 63 97
1 20 21 73
3 30 34 77
3 477 481 81
2 139 142 93
3 501 505 99
1 191 192 78
3 265 268 96
3 125 128 72
3 308 311 80
1 241 242 89
1 445 446 92
3 629 633 94
2 550 552 91
2 185 187 81
1 35 36 96
3 106 110 93
1 698 699 91
1 329 330 81
3 318 322 90
3 469 473 79
3 270 274 80
2 492 495 79
2 253 255 78
1 374 375 94
3 453 456 80
3 707 711 96
2 319 321 83
3 420 424 84
1 191 192 91
3 52 55 96
2 638 640 70
2 504 506 96
2 476 478 83
1 281 282 83
3 489 493 98
2 273 275 75
3 445 448 81
2 738 740 97
3 472 476 77
1 721 722 77
2 301 304 71
3 16 20 79
3 359 363 80
1 545 546 88
3 366 369 83
1 234 235 83
2 77 79 99
1 206 207 86
2 68 70 89
1 621 622 77
2 514 516 90
1 51 52 83
3 256 259 83
4 116 121 92
4 137 141 75
2 383 385 81
4 518 523 83
4 372 377 91
2 261 263 82
1 314 315 84
2 45 47 74
2 20 22 76
4 512 518 96
2 199 201 71
3 524 527 75
1 754 755 97
3 506 509 79
1 616 617 76
2 129 132 86
1 693 694 84
1 501 502 82
3 190 193 99
4 647 651 93
3 328 331 86
1 393 394 97
1 81 82 74
2 65 67 82
2 169 172 72
4 688 693 72
1 513 514 76
1 333 334 97
2 33 36 73
2 106 108 79
2 706 709 82
2 758 760 87
3 467 470 85
1 55 56 87
1 153 154 95
4 105 109 72
4 280 284 86
1 270 271 96
1 286 287 82
2 618 621 85
1 408 409 80
2 540 542 92
1 142 143 87
4 106 112 99
1 118 119 96
1 43 44 70
4 436 442 98
3 35 38 73
3 335 338 97
6 3 9 76
5 313 320 85
1 229 230 70
1 208 209 71
3 759 762 87
1 15 16 76
3 521 524 78
2 536 538 82
3 101 104 79
1 442 443 93
3 18 21 98
5 221 228 80
3 315 318 73
4 773 777 89
2 546 548 92
3 692 696 83
2 667 669 80
4 35 39 96
7 503 511 82
5 247 254 98
1 299 300 70
4 277 283 77
2 480 483 86
1 799 800 72
1 551 552 92
9 643 652 86
7 523 531 89
1 629 630 87
6 317 323 83
4 761 766 92
10 604 616 74
9 668 679 90
1 39 40 71
7 190 197 98
7 111 118 85
10 602 613 81
15 271 289 79
11 254 269 88
5 683 689 81
11 199 210 70
17 99 121 89
6 540 548 76
11 34 48 77
45 674 719 92
