150
2 209 211 90
4 199 205 73
1 84 85 79
2 94 96 73
1 470 471 73
3 310 314 71
1 673 674 87
3 704 707 70
5 294 299 83
2 724 727 90
1 698 699 72
5 481 488 86
1 378 379 85
2 419 421 93
3 544 548 79
1 593 594 96
2 339 341 99
2 582 584 82
2 186 189 90
4 440 444 89
1 660 661 87
4 232 238 76
4 295 300 84
4 481 486 70
3 732 736 77
5 310 317 69
2 244 246 72
5 555 560 83
4 388 392 84
1 494 495 79
4 743 748 72
2 350 353 87
1 611 612 88
5 313 320 89
1 561 562 76
3 187 190 88
6 741 747 91
4 594 598 95
1 302 303 77
5 498 503 76
6 18 26 97
3 259 263 93
2 545 548 92
2 406 409 86
2 155 157 85
2 536 539 72
4 306 310 91
5 514 519 95
4 258 264 83
1 382 383 81
1 574 575 74
1 246 247 95
2 119 122 84
1 549 550 99
6 718 724 90
1 760 761 82
1 93 94 89
2 240 243 75
1 243 244 75
2 278 280 71
7 539 547 93
4 674 679 98
1 404 405 77
4 735 741 96
2 664 666 96
6 251 257 90
2 377 379 85
5 490 497 99
5 156 162 77
4 648 652 74
2 422 425 82
1 314 315 86
7 516 524 93
1 421 422 76
6 366 375 86
4 384 388 70
1 65 66 92
4 323 329 78
6 758 766 71
6 537 544 81
8 448 456 85
2 162 164 87
5 592 598 96
4 53 58 98
8 537 548 88
3 561 564 95
8 400 410 78
2 449 452 84
8 509 518 78
6 617 623 76
5 40 45 79
6 730 737 95
8 72 81 79
8 654 665 88
7 735 744 97
6 525 531 93
7 632 641 70
4 328 334 83
2 242 244 77
1 171 172 98
8 515 525 80
3 774 778 98
4 581 587 83
8 772 782 93
3 470 474 94
8 214 226 82
4 569 573 90
3 46 49 92
3 183 186 81
9 97 106 92
3 80 83 90
5 636 643 95
10 122 133 94
6 62 68 97
5 609 615 82
3 605 609 92
6 345 353 89
10 143 157 99
9 366 377 76
7 620 630 73
9 198 207 70
3 578 581 87
11 721 733 84
2 746 748 81
10 695 708 74
3 485 488 85
3 612 615 79
8 362 371 90
8 487 496 85
1 606 607 86
2 686 688 76
11 555 570 97
13 768 786 82
3 70 74 89
12 660 676 93
10 454 466 78
7 759 766 80
15 594 609 95
1 461 462 99
17 365 388 93
16 399 416 86
3 50 54 84
5 314 319 81
19 211 239 92
6 388 397 73
4 92 97 90
18 778 804 86
16 724 745 98
7 436 443 80
93 602 703 85
