450
1 266 267 93
1 421 422 86
1 357 358 74
1 674 675 97
1 221 222 77
1 635 636 92
1 165 166 84
1 10 11 90
1 30 31 92
1 172 173 83
1 264 265 78
1 560 561 74
1 539 540 97
1 224 225 71
1 768 769 71
1 287 288 93
1 736 737 93
1 179 180 92
1 330 331 88
1 476 477 82
1 62 63 74
1 476 477 80
1 107 108 86
1 552 553 81
1 772 773 99
1 218 219 80
1 219 220 87
1 57 58 91
1 705 706 76
1 623 624 88
1 669 670 83
1 371 372 92
1 525 526 82
1 272 273 73
1 64 65 99
1 333 334 85
1 284 285 71
1 91 92 84
1 325 326 71
1 754 755 79
1 163 164 79
1 146 147 71
1 708 709 71
1 714 715 91
1 587 588 82
1 91 92 98
1 406 407 91
1 596 597 86
1 796 797 87
1 674 675 75
1 178 179 99
1 38 39 86
1 78 79 83
1 425 426 79
1 170 171 92
1 696 697 85
1 99 100 90
1 589 590 71
1 722 723 71
1 301 302 82
1 674 675 73
1 71 72 86
1 216 217 85
1 604 605 95
1 523 524 89
1 382 383 88
1 548 549 86
1 612 613 79
1 581 582 86
1 238 239 88
1 731 732 87
1 83 84 89
1 485 486 73
1 60 61 96
1 8 9 79
1 590 591 88
1 426 427 72
1 556 557 71
1 199 200 88
1 251 252 85
1 285 286 71
1 504 505 86
1 490 491 87
1 272 273 99
1 626 627 94
1 10 11 94
1 70 71 82
1 390 391 77
1 282 283 85
1 53 54 86
1 760 761 95
1 240 241 72
1 630 631 81
1 713 714 80
1 607 608 73
1 742 743 71
1 352 353 85
1 600 601 89
1 44 45 91
1 313 314 90
1 250 251 77
2 269 271 84
2 587 590 99
1 616 617 98
1 697 698 78
1 704 705 72
1 770 771 71
2 310 312 93
1 284 285 88
1 717 718 93
2 692 694 87
1 88 89 81
1 77 78 74
1 187 188 83
2 148 150 94
2 731 733 77
1 664 665 93
2 781 783 75
1 148 149 80
1 140 141 91
1 326 327 96
2 84 86 80
1 484 485 93
1 86 87 73
2 697 699 80
1 445 446 79
2 255 257 78
1 55 56 78
1 220 221 80
2 764 766 80
2 323 326 74
1 309 310 89
2 347 350 93
1 125 126 75
2 619 622 85
2 358 360 79
2 491 493 93
2 576 579 96
1 743 744 75
1 214 215 93
1 295 296 95
2 11 13 89
2 467 469 89
1 151 152 85
1 688 689 87
1 378 379 85
2 757 759 87
2 319 321 96
1 341 342 83
2 391 394 98
1 33 34 80
2 573 576 93
2 417 420 98
2 327 330 89
1 525 526 71
1 657 658 72
2 269 271 91
2 716 718 72
2 285 287 76
2 230 233 76
2 559 561 99
1 35 36 83
1 383 384 94
1 360 361 83
1 653 654 74
1 430 431 88
2 661 663 78
1 319 320 96
1 400 401 93
1 300 301 98
1 785 786 87
2 305 307 91
1 426 427 93
2 474 476 82
1 13 14 75
2 487 490 82
2 378 381 71
1 22 23 96
2 448 450 80
2 681 683 75
2 660 662 77
2 793 796 93
2 728 731 73
2 386 388 74
1 438 439 99
2 458 460 75
2 543 545 74
1 792 793 73
1 721 722 72
2 450 453 91
2 199 201 93
1 210 211 85
1 143 144 80
2 542 544 90
2 470 472 82
2 619 622 99
1 328 329 82
1 533 534 78
1 507 508 70
2 560 563 98
2 548 550 75
1 534 535 90
1 444 445 74
1 93 94 71
2 564 566 88
2 424 426 87
1 646 647 97
2 263 265 73
1 284 285 97
2 766 768 81
1 199 200 86
1 43 44 73
1 701 702 83
2 489 491 78
2 638 640 96
2 444 447 97
1 584 585 80
2 221 224 80
1 211 212 82
1 343 344 72
1 553 554 92
2 369 371 83
1 237 238 98
1 27 28 73
1 259 260 90
2 507 509 76
2 475 478 81
1 112 113 77
1 726 727 86
2 62 65 70
2 612 614 93
2 231 233 83
2 681 684 89
1 332 333 84
1 333 334 83
1 637 638 81
2 435 438 95
2 2 4 96
2 250 252 92
1 500 501 85
2 89 91 80
2 119 121 99
2 230 233 83
2 90 92 87
1 677 678 88
1 102 103 84
1 580 581 89
2 769 771 81
2 39 42 71
2 168 170 95
2 346 349 71
2 775 778 80
1 372 373 94
1 677 678 92
2 229 232 99
2 221 224 86
1 75 76 77
1 458 459 84
2 648 650 84
2 372 374 94
2 100 102 82
2 241 243 93
1 50 51 95
1 663 664 95
2 122 124 75
2 624 626 95
1 662 663 92
2 253 255 96
2 715 718 92
1 460 461 71
2 793 795 80
2 387 389 97
2 391 393 74
1 113 114 73
2 393 396 80
1 392 393 74
2 234 236 95
1 62 63 91
1 622 623 88
1 757 758 97
1 240 241 99
1 500 501 75
1 319 320 82
2 428 431 89
1 605 606 89
1 397 398 96
2 753 755 78
1 458 459 91
2 745 748 85
2 418 420 86
1 203 204 87
1 165 166 82
2 176 179 84
1 233 234 95
2 769 771 98
2 10 13 97
2 16 19 74
2 719 722 79
1 449 450 78
1 131 132 84
2 640 643 95
2 167 169 72
2 635 637 93
2 34 36 76
2 72 74 82
1 95 96 79
1 395 396 88
2 151 153 98
2 582 585 79
2 313 315 75
1 381 382 72
2 438 440 98
1 132 133 98
2 281 283 91
1 684 685 70
1 110 111 86
1 116 117 94
1 311 312 71
1 201 202 76
1 257 258 80
2 297 299 95
1 149 150 72
2 62 64 86
2 220 222 76
2 635 638 77
2 502 504 88
2 139 141 71
2 645 648 84
1 510 511 91
1 636 637 83
1 492 493 77
2 687 689 90
1 348 349 70
1 530 531 93
2 50 52 93
3 732 735 88
1 489 490 78
2 696 699 98
2 153 156 79
1 578 579 87
1 118 119 91
1 630 631 80
3 669 673 79
3 521 524 98
2 283 285 77
1 750 751 98
3 32 35 91
3 601 604 89
3 527 531 70
3 398 401 91
3 491 494 74
3 354 358 70
2 357 359 84
1 276 277 93
1 83 84 96
3 109 113 93
1 233 234 95
1 666 667 78
3 513 517 72
2 606 608 76
2 439 442 71
2 579 582 78
1 371 372 93
1 17 18 75
2 258 261 86
3 25 28 94
3 291 295 89
3 485 488 90
1 436 437 86
2 199 201 97
2 405 407 86
3 390 393 74
2 88 91 84
1 682 683 97
2 260 262 93
3 401 405 96
3 325 329 95
2 280 282 72
1 406 407 97
1 505 506 86
3 155 158 80
2 417 419 88
1 24 25 82
1 548 549 73
2 408 410 80
3 627 630 71
2 463 465 72
3 217 221 94
3 501 505 95
2 717 719 74
2 64 66 85
2 310 312 94
1 465 466 87
1 319 320 88
1 542 543 71
1 39 40 89
4 373 378 73
1 371 372 80
3 121 125 96
1 0 1 76
1 337 338 71
1 669 670 95
3 286 289 73
1 382 383 76
1 311 312 88
3 637 641 72
1 670 671 80
2 747 750 99
4 143 147 70
4 554 559 75
4 445 450 95
3 136 140 73
3 435 439 72
4 537 542 79
4 271 275 71
3 612 616 80
1 87 88 96
1 474 475 84
5 605 610 84
4 765 770 78
2 771 773 76
2 668 670 71
2 302 304 94
1 682 683 81
4 38 42 75
2 687 689 99
4 548 554 92
6 151 159 77
4 311 316 79
3 132 135 77
6 166 175 87
5 225 230 84
4 91 95 72
5 62 69 76
4 252 256 86
5 293 298 93
7 140 150 70
1 353 354 89
2 560 562 82
7 655 663 79
7 679 687 79
1 396 397 74
1 32 33 89
8 349 361 80
7 582 591 78
9 7 16 71
3 187 191 74
9 573 583 88
11 15 26 90
29 324 365 87
