200
4 245 250 98
4 263 268 75
1 48 49 75
4 534 539 77
3 262 265 82
4 353 358 92
3 228 232 84
3 31 34 80
3 149 152 71
2 587 589 72
3 721 724 95
4 114 118 87
4 182 186 93
4 640 645 92
2 780 782 78
1 749 750 93
4 145 151 77
2 394 397 94
3 423 426 72
2 675 677 90
2 557 559 95
3 280 283 78
3 728 731 91
1 114 115 87
3 645 649 83
3 647 650 92
2 50 52 72
4 737 742 83
4 26 32 70
2 337 339 89
4 587 591 86
3 200 204 85
3 103 107 95
2 374 377 98
4 443 448 92
1 372 373 70
3 671 675 72
3 262 265 84
2 197 200 83
3 185 189 99
1 232 233 76
2 667 669 72
2 218 220 78
1 98 99 88
1 738 739 95
4 663 668 87
1 642 643 83
2 420 422 75
3 281 285 79
4 634 639 87
4 346 350 86
1 103 104 86
2 210 213 98
2 506 509 85
1 699 700 73
3 656 659 94
1 75 76 99
4 447 453 98
3 749 752 96
4 616 620 84
2 325 328 85
1 473 474 96
4 153 157 97
1 647 648 91
2 229 232 75
2 341 343 84
2 422 424 71
4 453 457 82
3 410 414 98
2 70 72 85
1 564 565 94
1 127 128 98
1 402 403 74
1 552 553 70
1 527 528 81
3 336 340 79
3 598 602 88
1 339 340 89
4 353 357 86
3 238 242 99
1 309 310 94
3 510 513 83
1 397 398 94
3 770 773 76
5 153 159 93
2 31 34 91
4 608 614 77
3 249 252 92
3 534 538 88
2 351 353 70
2 189 191 83
4 24 29 98
1 756 757 73
4 599 604 70
5 530 535 93
2 364 367 74
4 122 126 96
3 117 121 74
4 165 171 79
3 590 593 84
2 361 363 94
4 495 499 83
1 431 432 96
5 153 160 99
2 342 345 72
1 93 94 75
5 717 723 92
4 289 295 71
5 206 212 94
3 279 282 86
4 571 576 73
4 102 106 76
3 488 492 74
5 446 453 95
4 689 694 89
4 248 252 95
5 584 591 81
2 179 181 91
3 428 431 82
4 229 234 73
3 347 351 77
4 208 213 70
3 461 464 91
3 360 364 92
3 128 131 86
2 342 345 77
1 286 287 92
5 460 466 97
3 680 683 98
6 255 261 87
5 285 291 97
6 556 562 91
6 388 397 97
3 117 121 70
5 110 117 98
6 735 743 93
4 362 367 71
3 118 122 75
6 225 232 88
2 405 407 95
4 461 467 89
2 64 67 79
6 701 710 85
2 308 310 93
2 259 262 75
5 28 35 78
5 344 351 92
4 270 274 74
4 355 359 86
1 526 527 99
5 56 61 82
5 593 598 94
2 127 130 84
2 412 414 99
4 54 59 74
5 374 381 92
5 85 90 86
5 419 424 86
7 420 430 80
4 714 720 84
5 661 666 95
5 169 174 88
4 617 623 95
5 629 634 93
1 721 722 81
3 404 407 88
7 25 34 93
1 261 262 81
8 482 490 98
1 614 615 78
9 743 754 89
7 249 258 97
4 39 44 92
3 172 176 74
3 478 482 74
3 210 214 79
2 644 647 83
4 410 415 75
1 613 614 94
9 536 545 81
2 794 796 90
2 630 632 85
6 501 507 70
2 455 458 98
7 636 646 99
13 131 146 74
5 38 43 70
6 689 697 73
13 207 226 83
2 648 650 71
13 3 22 95
11 691 702 76
5 430 435 89
5 415 421 91
14 219 236 85
16 594 612 91
7 261 270 79
25 494 524 87
7 434 442 98
64 420 488 77
