250
2 231 233 70
1 126 127 97
2 228 230 92
3 418 421 75
2 525 527 99
1 76 77 93
2 634 636 83
1 328 329 70
2 93 96 74
1 116 117 95
2 309 312 84
1 744 745 71
2 344 347 75
1 428 429 82
2 78 80 90
3 255 259 96
1 713 714 86
1 313 314 75
2 780 783 83
1 629 630 90
3 732 736 94
2 32 34 99
3 465 469 79
3 459 462 99
3 605 608 99
2 278 280 81
2 187 190 93
2 267 269 91
3 610 614 72
2 323 325 84
1 718 719 71
3 239 242 82
3 682 685 92
3 372 375 80
3 760 764 81
1 461 462 92
3 81 85 94
1 197 198 85
2 336 339 83
3 16 19 86
1 114 115 72
3 530 534 77
3 514 517 78
3 671 674 91
3 262 266 88
3 322 326 74
1 287 288 71
1 177 178 91
3 235 238 72
3 447 451 73
1 542 543 86
2 633 635 82
2 485 487 89
1 565 566 71
1 796 797 86
2 485 487 92
2 448 450 91
3 208 211 96
2 462 464 75
3 176 180 78
3 435 439 90
3 758 762 71
1 279 280 91
3 558 561 97
3 682 685 83
2 70 73 93
1 489 490 93
3 643 646 71
1 28 29 88
1 132 133 87
2 113 115 84
2 693 695 79
1 392 393 98
2 682 684 76
1 569 570 98
2 461 463 93
2 147 149 97
2 479 482 77
2 686 688 87
2 368 370 83
2 549 552 83
2 483 486 95
3 301 304 95
3 704 708 86
3 719 722 77
2 23 25 97
3 266 269 70
3 217 220 70
1 206 207 95
1 378 379 91
3 770 774 79
1 119 120 85
2 613 616 75
2 722 724 93
3 403 407 89
1 160 161 97
1 467 468 92
3 189 193 93
1 248 249 82
1 576 577 83
1 1 2 75
3 603 607 94
2 165 168 78
1 589 590 99
3 787 790 99
3 615 618 81
2 708 710 73
2 671 674 76
1 74 75 86
3 417 420 76
1 289 290 87
1 430 431 86
1 583 584 99
1 123 124 95
1 71 72 97
1 348 349 71
4 249 255 91
4 438 443 92
4 312 316 70
3 102 105 99
1 305 306 83
4 104 110 96
2 242 244 75
1 81 82 70
1 787 788 80
2 146 148 86
3 513 516 74
4 232 236 98
3 4 7 80
3 376 379 93
2 243 245 88
1 627 628 91
1 620 621 85
4 223 228 90
1 498 499 79
2 684 686 75
2 643 645 89
3 20 23 92
1 407 408 99
3 120 124 82
3 368 372 80
1 238 239 77
2 564 566 86
1 391 392 98
1 705 706 98
1 555 556 87
3 440 443 91
4 307 313 72
2 248 250 92
3 35 39 80
1 721 722 78
4 491 495 94
2 357 360 77
2 781 783 74
5 99 106 81
1 672 673 86
3 266 269 90
3 3 6 79
5 261 267 75
2 617 619 74
4 546 550 89
4 605 610 75
1 711 712 83
2 180 183 77
4 99 104 92
3 387 391 74
1 668 669 71
4 163 168 94
3 506 510 97
5 513 520 79
5 607 613 70
1 485 486 89
2 340 342 75
2 788 790 70
1 69 70 88
5 621 627 98
2 275 278 71
3 146 150 70
4 501 507 86
5 54 61 94
2 151 153 89
5 50 55 76
3 20 24 75
1 389 390 90
5 293 299 83
3 361 365 88
3 50 53 99
5 456 461 94
5 538 544 75
1 725 726 74
6 386 393 91
4 489 494 85
3 683 686 93
3 770 773 96
2 707 709 94
5 3 8 87
1 291 292 83
4 265 269 79
1 355 356 83
1 462 463 81
6 211 217 95
2 385 387 94
1 238 239 95
6 56 63 91
1 299 300 74
7 332 339 77
7 53 60 89
5 608 615 77
6 623 630 86
4 382 388 97
6 95 101 96
6 165 171 90
6 431 440 79
2 676 678 94
5 19 24 85
5 90 97 85
1 700 701 91
2 697 699 78
1 575 576 72
6 752 760 96
1 606 607 91
8 183 194 89
6 330 338 74
6 682 688 94
7 464 474 87
3 59 63 91
4 664 670 94
7 317 325 83
6 689 695 76
1 694 695 75
10 408 423 88
5 423 429 85
8 117 128 93
8 646 654 90
8 293 304 77
4 737 742 73
11 780 791 77
5 250 257 84
1 323 324 82
8 524 534 98
9 68 79 81
3 553 556 89
13 405 420 94
3 664 667 80
8 232 241 91
9 614 626 72
21 283 313 87
16 629 647 95
10 699 710 78
43 457 513 70
