100
4 543 547 73
4 523 529 80
3 114 118 81
3 438 442 95
7 47 56 73
3 785 788 89
3 518 521 83
5 235 240 93
6 451 460 75
6 352 358 91
4 26 31 89
1 194 195 80
6 647 656 83
8 162 173 94
2 632 634 70
7 367 376 71
1 559 560 89
6 86 93 87
3 623 626 82
5 558 563 70
6 384 392 80
5 606 611 83
8 347 355 78
8 235 243 80
1 359 360 75
6 5 12 82
3 662 666 79
9 466 479 98
4 248 252 79
3 584 588 90
3 56 59 82
4 503 508 79
4 702 707 88
7 481 491 92
2 19 21 90
3 341 345 99
4 769 774 94
5 744 750 93
6 455 463 85
4 135 140 94
6 381 389 88
10 529 542 86
2 494 496 94
7 291 301 70
5 521 527 86
9 373 383 71
2 783 785 82
7 350 359 83
10 112 127 97
8 520 531 71
1 557 558 96
3 467 470 82
3 669 672 72
2 571 574 81
4 434 438 78
4 179 183 87
10 783 796 84
2 199 202 84
7 46 54 95
10 388 400 99
12 353 370 69
7 432 439 95
5 45 51 77
3 166 170 99
12 368 381 90
13 202 218 90
11 259 273 93
6 185 191 71
10 432 443 76
9 520 532 82
12 686 702 94
13 140 159 84
3 697 701 77
9 659 668 91
5 793 799 73
7 736 744 95
11 556 567 72
8 260 270 76
3 259 263 91
2 8 10 98
13 271 289 72
12 576 590 92
15 309 329 83
8 640 648 76
16 553 569 89
7 621 630 93
10 109 119 97
14 375 392 95
9 502 511 95
1 330 331 80
18 611 631 83
17 681 698 96
5 78 83 78
15 564 580 95
1 464 465 89
1 236 237 98
3 474 478 87
53 93 172 94
34 208 259 91
93 473 588 83
