50
2 12 14 77
6 4 10 70
5 433 440 89
11 138 150 91
9 725 735 75
1 571 572 82
8 449 458 93
8 435 445 79
8 285 296 70
10 640 651 91
9 76 85 88
8 482 490 89
16 514 530 83
6 65 74 83
11 455 467 73
9 71 81 81
5 586 593 76
19 610 633 80
9 299 308 92
12 486 498 74
14 194 210 81
9 682 692 81
17 652 671 71
14 329 349 70
6 139 147 91
10 748 758 70
4 669 675 72
10 158 172 89
23 243 275 70
1 530 531 96
2 431 433 86
5 642 648 80
4 288 294 72
26 416 442 82
26 624 651 90
5 418 423 74
17 24 44 94
13 491 509 75
33 465 513 89
33 254 302 73
27 128 164 89
1 668 669 99
28 457 486 99
1 398 399 80
49 134 203 90
36 345 381 85
36 96 145 92
15 576 596 96
23 200 225 70
140 302 509 67
