300
1 42 43 86
2 358 360 96
2 763 765 83
1 214 215 83
2 138 140 86
2 752 754 80
2 137 139 77
1 681 682 83
2 27 30 99
1 404 405 76
1 211 212 89
2 299 302 87
1 175 176 77
1 239 240 91
2 638 640 99
2 528 530 84
1 135 136 87
2 135 137 82
1 213 214 74
2 235 237 94
1 287 288 81
1 435 436 79
2 225 227 95
1 315 316 94
1 235 236 78
1 762 763 80
2 564 566 92
1 668 669 72
1 290 291 86
1 707 708 84
1 290 291 75
1 248 249 91
1 487 488 71
1 44 45 82
1 509 510 77
2 475 478 92
1 197 198 78
1 63 64 73
2 593 595 72
1 146 147 84
2 99 101 86
2 98 100 95
1 255 256 87
2 338 341 93
2 107 110 86
2 796 798 88
2 353 356 89
2 410 412 97
1 276 277 74
1 67 68 83
2 309 311 82
1 155 156 70
1 112 113 94
1 310 311 97
1 756 757 98
1 252 253 96
1 269 270 79
1 756 757 71
2 193 195 76
1 627 628 83
1 43 44 81
1 444 445 87
1 220 221 88
1 425 426 79
1 67 68 90
2 620 622 85
3 239 242 94
2 163 165 90
3 768 771 91
3 673 677 75
2 542 544 82
2 722 724 91
2 18 21 93
3 72 75 71
1 67 68 73
2 202 205 79
1 589 590 85
1 309 310 73
1 603 604 94
2 346 348 91
2 713 715 85
2 653 656 84
1 435 436 91
3 333 336 77
2 84 86 96
1 708 709 76
2 494 496 79
2 520 523 99
1 614 615 75
3 512 515 81
1 762 763 86
1 327 328 82
1 315 316 86
2 207 209 91
2 27 29 96
2 624 627 93
3 247 250 80
1 105 106 76
3 619 623 75
3 208 212 74
3 228 231 73
3 582 586 79
1 767 768 82
1 516 517 78
3 110 113 97
3 643 647 84
1 690 691 77
2 714 716 87
1 136 137 76
3 694 698 91
3 708 711 94
2 271 273 73
2 575 578 97
2 289 291 84
1 698 699 84
1 677 678 89
2 238 240 78
3 455 459 97
2 334 336 95
2 387 390 89
2 708 710 96
3 721 724 78
2 777 779 91
3 519 523 99
3 352 355 93
2 95 98 70
1 383 384 85
1 370 371 97
3 104 107 90
3 182 186 70
3 213 217 70
2 359 361 90
1 213 214 95
1 393 394 88
2 554 556 77
3 590 594 98
3 284 287 99
3 461 464 91
1 102 103 85
2 561 563 84
2 233 235 77
1 80 81 83
1 548 549 79
2 384 386 72
2 651 653 70
1 574 575 89
3 33 37 73
3 421 425 90
3 588 591 87
3 111 115 83
2 249 251 88
2 414 416 81
2 368 370 98
2 47 49 87
2 531 534 76
2 742 744 82
2 593 595 81
1 111 112 92
1 14 15 76
3 494 498 92
2 84 86 74
1 362 363 91
2 657 660 70
2 195 197 70
1 5 6 92
2 346 348 93
1 51 52 72
2 636 638 72
2 392 394 87
2 575 577 79
2 688 690 82
2 5 8 77
2 426 428 98
1 585 586 73
3 186 190 82
2 224 226 70
2 337 339 70
3 571 574 94
3 56 59 75
3 230 234 81
1 356 357 99
1 73 74 76
1 432 433 80
4 408 413 85
2 527 529 79
2 733 735 85
1 326 327 72
1 609 610 88
3 606 609 75
3 139 143 78
3 272 275 75
4 420 426 96
4 112 118 72
1 147 148 77
3 273 276 83
1 408 409 92
4 312 317 79
1 440 441 77
2 81 83 79
4 65 69 90
2 263 265 87
1 251 252 97
2 228 230 74
4 31 37 71
2 640 642 91
4 344 348 93
4 747 752 72
1 647 648 84
1 634 635 86
2 511 513 93
2 409 412 84
3 590 593 77
1 198 199 84
1 213 214 95
1 294 295 79
3 471 474 92
1 125 126 72
4 160 164 74
3 490 493 85
3 239 242 92
1 368 369 94
4 796 802 78
4 147 151 77
1 96 97 80
4 104 110 89
3 485 489 91
5 20 26 76
3 254 258 73
3 757 760 78
1 20 21 77
3 209 213 78
5 375 381 79
3 452 455 89
4 603 608 78
1 650 651 83
5 694 700 92
2 247 249 70
4 786 791 89
2 309 311 74
4 496 501 86
1 127 128 70
4 238 243 97
4 149 154 90
3 499 502 80
4 7 12 78
5 771 778 90
5 205 212 84
3 512 516 86
2 50 52 75
4 521 527 85
4 589 594 84
1 1 2 84
3 768 771 89
3 493 497 88
1 267 268 98
5 592 598 91
4 510 515 80
2 228 230 95
1 461 462 85
6 380 387 70
4 382 387 91
5 288 294 80
1 35 36 85
4 458 462 96
5 655 661 84
4 316 321 79
4 564 569 78
4 212 217 88
7 643 652 71
1 744 745 86
5 488 494 81
6 96 104 76
3 468 472 73
7 334 342 71
2 238 240 92
2 82 84 70
2 285 288 74
6 746 753 77
6 537 543 87
8 87 98 95
3 739 743 83
3 35 38 89
9 42 53 89
2 348 351 89
9 312 322 70
7 793 801 97
8 512 521 73
5 425 431 99
10 380 392 85
4 390 394 83
1 300 301 95
1 106 107 85
1 28 29 76
1 86 87 80
14 102 121 97
1 287 288 72
1 274 275 77
16 380 398 75
10 48 60 88
68 470 557 80
