500
1 39 40 88
1 234 235 91
1 771 772 91
1 371 372 86
1 330 331 78
1 461 462 75
1 746 747 75
1 434 435 78
1 313 314 74
1 662 663 98
1 788 789 71
1 528 529 71
1 135 136 97
1 602 603 98
1 335 336 94
1 118 119 83
1 473 474 86
1 167 168 87
1 273 274 96
1 249 250 92
1 432 433 85
1 181 182 83
1 640 641 88
1 705 706 97
1 701 702 70
1 248 249 93
1 339 340 91
1 47 48 99
1 627 628 86
1 645 646 76
1 549 550 88
1 610 611 99
1 667 668 98
1 288 289 97
1 586 587 87
1 444 445 93
1 743 744 76
1 661 662 86
1 521 522 71
1 523 524 85
1 774 775 89
1 174 175 82
1 182 183 70
1 94 95 70
1 384 385 98
1 501 502 71
1 14 15 82
1 114 115 80
1 326 327 71
1 602 603 88
1 572 573 85
1 128 129 91
1 89 90 77
1 131 132 78
1 698 699 94
1 772 773 74
1 93 94 95
1 622 623 85
1 412 413 99
1 98 99 79
1 529 530 89
1 380 381 80
1 190 191 92
1 271 272 95
1 550 551 91
1 349 350 70
1 305 306 91
1 306 307 99
1 180 181 86
1 714 715 77
1 117 118 99
1 334 335 89
1 552 553 70
1 384 385 78
1 399 400 78
1 664 665 75
1 28 29 87
1 514 515 78
1 326 327 70
1 770 771 81
1 53 54 96
1 2 3 84
1 54 55 97
1 333 334 76
1 115 116 94
1 665 666 71
1 437 438 71
1 405 406 93
1 4 5 71
1 94 95 72
1 765 766 78
1 206 207 80
1 636 637 95
1 149 150 95
1 116 117 73
1 276 277 81
1 670 671 99
1 622 623 73
1 52 53 76
1 761 762 89
1 518 519 90
1 252 253 89
1 95 96 81
1 52 53 94
1 253 254 89
1 265 266 97
1 11 12 94
1 3 4 94
1 436 437 71
1 420 421 96
1 7 8 86
1 546 547 76
1 789 790 93
1 411 412 80
1 567 568 84
1 273 274 85
1 787 788 98
1 616 617 72
1 682 683 98
1 202 203 89
1 229 230 84
1 713 714 85
1 598 599 78
1 485 486 81
1 263 264 99
1 84 85 72
1 446 447 81
1 116 117 74
1 545 546 95
1 231 232 83
1 278 279 80
1 636 637 94
1 194 195 79
1 104 105 83
1 580 581 88
1 154 155 86
1 183 184 82
1 127 128 73
1 220 221 75
1 779 780 72
1 253 254 84
1 376 377 83
1 536 537 95
1 186 187 81
1 700 701 99
1 630 631 99
1 108 109 84
1 746 747 90
1 384 385 84
1 171 172 89
1 249 250 99
1 684 685 92
1 390 391 74
1 692 693 82
1 198 199 78
1 528 529 93
1 190 191 96
1 399 400 72
1 119 120 74
1 310 311 87
1 707 708 99
1 232 233 82
1 40 41 89
1 502 503 85
1 163 164 71
1 296 297 87
1 217 218 91
1 721 722 91
1 684 685 99
1 213 214 87
1 460 461 79
1 444 445 96
1 257 258 75
1 343 344 89
1 580 581 78
1 354 355 90
1 196 197 82
1 769 770 87
1 207 208 99
1 399 400 92
1 609 610 84
1 210 211 98
1 17 18 78
1 1 2 72
1 138 139 92
1 459 460 94
1 315 316 90
1 75 76 91
1 367 368 82
1 84 85 80
1 341 342 90
1 279 280 89
1 58 59 92
1 592 593 83
1 639 640 72
1 495 496 77
1 408 409 87
1 761 762 81
1 222 223 72
1 444 445 71
1 566 567 72
1 202 203 75
2 579 581 96
2 751 754 75
1 384 385 70
1 355 356 93
2 503 506 88
1 536 537 92
1 587 588 96
1 29 30 95
2 509 512 78
2 359 361 94
2 558 560 88
1 299 300 87
2 443 445 98
2 354 356 97
1 717 718 76
2 623 625 76
2 295 298 82
2 40 43 94
1 613 614 80
2 797 799 70
1 11 12 70
1 621 622 70
1 546 547 87
2 97 100 74
1 30 31 77
1 429 430 97
2 707 709 95
1 293 294 89
1 712 713 85
1 534 535 89
1 479 480 92
2 43 45 75
2 609 611 81
2 690 692 96
2 397 400 94
2 391 394 71
2 733 736 96
2 222 224 95
1 454 455 89
2 208 211 81
1 406 407 94
2 487 490 93
2 587 589 84
2 499 502 90
2 678 680 77
1 470 471 97
2 186 188 92
2 433 435 82
1 143 144 82
1 350 351 81
2 339 341 86
1 600 601 85
1 472 473 97
2 507 509 83
2 431 433 81
2 48 50 84
2 702 705 72
2 16 18 88
1 196 197 82
1 93 94 80
2 340 342 91
1 487 488 89
1 555 556 78
1 594 595 89
2 313 315 90
2 593 596 93
2 379 381 76
2 681 683 78
1 655 656 89
2 107 109 97
2 86 88 94
2 16 18 94
2 465 467 87
1 681 682 97
2 273 275 74
2 16 19 91
2 174 176 98
2 633 636 88
1 727 728 99
1 174 175 76
2 561 564 94
2 108 111 75
1 381 382 83
1 775 776 97
1 656 657 96
1 684 685 87
2 710 712 70
2 701 704 98
2 706 709 95
1 6 7 82
1 338 339 90
2 134 136 89
2 271 273 95
1 168 169 89
2 686 688 93
1 347 348 82
1 496 497 73
1 792 793 96
1 692 693 82
1 206 207 91
2 395 397 95
2 731 734 83
1 388 389 83
1 101 102 91
2 632 634 95
1 10 11 87
2 107 109 76
2 39 41 79
2 544 546 89
1 314 315 96
2 528 530 84
1 207 208 99
1 259 260 81
1 627 628 77
2 391 393 70
2 748 751 79
1 536 537 70
2 548 551 79
2 266 268 71
1 555 556 76
1 56 57 80
1 711 712 95
2 612 614 75
2 488 491 79
1 635 636 76
1 358 359 97
1 553 554 96
2 575 577 84
2 648 651 83
1 87 88 82
2 391 393 88
1 664 665 93
2 211 213 77
1 443 444 76
2 205 208 71
2 784 786 98
1 578 579 94
1 233 234 85
1 283 284 76
1 272 273 82
1 306 307 94
2 1 4 97
1 445 446 87
1 23 24 98
1 761 762 73
2 37 39 98
2 658 660 76
2 25 27 72
1 621 622 91
2 281 284 79
1 688 689 72
1 760 761 82
1 95 96 81
1 398 399 71
1 623 624 92
1 433 434 77
1 477 478 77
1 506 507 85
2 653 656 72
1 218 219 98
1 466 467 91
2 66 69 81
1 126 127 81
2 335 337 87
2 461 464 73
1 52 53 90
1 507 508 81
1 373 374 84
2 495 498 89
1 734 735 82
1 42 43 85
2 501 504 77
1 219 220 87
2 256 259 74
2 431 434 83
2 631 633 89
2 551 553 78
2 129 131 70
1 513 514 99
2 465 468 99
1 479 480 89
2 747 749 75
2 251 253 72
1 562 563 91
1 241 242 71
1 136 137 89
2 0 2 80
2 586 589 79
1 381 382 93
1 257 258 86
1 577 578 78
2 542 544 97
1 187 188 84
2 234 237 92
2 783 785 73
1 296 297 90
1 346 347 98
2 519 521 91
1 128 129 94
3 607 611 74
3 328 332 73
2 358 361 78
2 127 129 90
3 119 122 89
1 452 453 76
2 404 406 73
3 330 333 87
3 170 174 76
3 538 542 79
3 613 617 92
2 72 74 70
3 62 65 73
1 426 427 75
3 730 733 81
2 689 691 98
2 529 532 82
3 493 496 85
3 37 40 98
1 587 588 79
3 207 211 73
1 155 156 93
1 4 5 99
2 174 177 86
2 124 126 89
1 682 683 91
1 251 252 72
3 327 331 83
1 111 112 75
1 697 698 87
2 506 508 83
3 414 417 79
1 140 141 92
2 109 111 72
3 11 14 88
1 676 677 70
1 233 234 78
1 741 742 70
2 762 765 72
2 209 211 99
2 591 593 88
3 24 28 89
1 705 706 92
1 688 689 98
3 88 92 82
1 164 165 77
1 195 196 97
3 505 509 87
1 764 765 92
2 572 574 72
1 402 403 75
2 211 214 97
4 780 784 93
2 50 52 98
2 139 141 88
4 69 75 87
3 121 125 74
4 443 447 74
3 672 675 91
1 389 390 99
1 798 799 79
2 61 63 72
4 246 251 77
4 692 697 80
3 666 670 90
4 565 570 99
4 67 73 86
3 54 58 95
2 498 500 81
3 615 618 77
2 488 490 74
3 107 110 72
3 254 258 82
5 161 168 91
1 742 743 76
2 778 780 74
2 445 447 85
2 531 534 89
1 758 759 99
5 537 542 82
2 240 242 88
1 127 128 73
1 453 454 82
1 198 199 70
2 180 182 90
3 570 573 90
1 550 551 72
5 543 550 72
9 585 596 92
1 530 531 88
5 432 438 72
4 211 216 77
7 727 734 82
6 389 398 79
2 553 555 97
6 475 484 75
15 646 663 94
20 360 387 84
27 610 647 85
