250
19 155 179 28
36 188 228 45
26 81 111 46
5 217 223 4
46 89 138 73
17 6 42 13
44 272 319 70
9 91 111 19
26 95 129 30
8 66 78 7
16 91 108 55
15 15 30 21
38 87 131 26
18 279 303 23
3 316 330 3
10 57 67 4
27 364 391 13
17 288 313 36
39 251 290 48
41 98 139 26
26 347 380 76
38 144 182 59
5 53 61 10
1 240 243 2
40 64 109 56
57 31 91 62
33 309 343 34
28 67 98 32
122 204 353 125
19 356 388 13
8 259 270 6
15 249 276 14
10 121 132 17
34 362 396 33
40 360 400 30
37 290 328 43
9 118 130 2
14 10 28 6
29 98 143 44
17 235 256 30
76 100 178 55
54 29 84 22
16 282 306 3
70 288 360 51
13 223 244 5
15 61 77 4
28 172 203 14
28 327 358 34
22 143 172 39
20 202 229 17
34 81 117 31
12 98 115 31
57 147 211 39
45 36 87 57
34 186 228 12
7 279 298 13
7 143 157 10
25 88 114 18
34 143 187 48
22 161 186 11
12 170 185 13
40 322 365 25
46 338 390 42
70 216 286 64
56 188 249 27
21 345 369 21
7 222 231 5
57 301 367 69
17 65 85 9
8 379 389 5
17 231 258 19
3 307 313 1
5 364 370 1
15 124 157 16
36 277 320 42
11 74 87 4
52 135 193 57
17 149 168 33
2 191 198 3
9 188 198 8
33 347 384 32
17 256 282 17
19 126 155 34
14 16 36 12
21 53 77 26
49 24 82 16
11 80 92 8
25 151 176 9
43 55 102 20
37 238 280 18
15 310 330 13
17 171 195 8
16 243 263 7
5 286 297 6
13 138 172 16
4 246 257 4
9 249 270 6
11 262 278 8
11 349 371 3
33 317 356 41
54 368 431 32
33 326 370 27
11 216 229 9
42 347 393 62
5 214 220 8
31 327 362 47
27 0 31 10
16 130 150 15
39 18 58 50
8 230 239 15
18 159 178 13
13 203 217 20
14 102 122 19
29 363 402 60
29 168 201 19
11 267 282 11
67 191 259 135
19 148 171 28
12 120 133 6
45 300 350 41
27 175 210 25
16 10 31 5
35 258 296 44
8 88 102 8
8 332 342 6
15 39 57 20
13 160 179 10
10 341 356 8
17 267 291 28
11 173 195 17
23 81 118 53
22 70 97 16
12 270 284 19
30 373 404 30
50 223 274 60
15 83 98 14
10 6 18 5
2 60 62 5
29 115 144 34
22 184 211 24
26 77 103 42
24 256 285 53
38 276 326 27
16 149 168 21
10 24 44 15
40 255 301 17
3 322 327 3
8 369 379 9
28 306 342 34
48 100 156 73
35 194 238 11
34 54 92 26
45 230 279 37
56 218 275 88
16 133 154 12
35 10 48 28
36 11 48 35
3 91 96 3
30 354 389 14
7 47 55 7
6 124 136 3
7 234 246 4
43 375 419 27
6 311 323 6
16 146 167 12
58 115 176 108
8 329 340 6
26 322 359 27
46 136 182 21
27 232 266 31
14 313 329 12
26 265 292 10
16 137 154 14
68 192 261 36
9 143 156 7
7 54 66 7
26 312 358 25
21 164 199 21
15 223 249 7
21 31 52 16
4 242 259 1
28 376 408 12
12 85 103 8
15 65 87 12
64 272 351 19
25 68 93 26
22 229 258 8
13 380 400 8
9 62 72 4
16 36 52 25
7 332 349 7
16 281 303 30
30 138 170 31
25 239 264 13
26 154 184 16
24 232 259 32
11 161 184 10
5 134 140 5
92 289 381 61
5 143 152 7
29 198 228 19
37 360 402 19
12 203 236 21
10 146 162 5
23 67 92 34
17 7 30 20
19 322 346 34
17 190 213 13
11 116 131 31
29 156 205 35
19 220 246 24
37 51 102 40
16 366 386 3
13 10 27 12
35 58 96 23
3 308 316 3
19 186 207 13
36 287 324 22
39 84 132 67
29 183 215 18
17 31 52 29
33 0 34 24
3 313 341 2
6 160 169 6
51 244 300 52
54 191 245 46
38 163 205 88
25 148 175 32
14 315 337 20
3 167 172 5
23 197 223 21
9 153 166 2
20 66 87 12
44 34 89 50
32 13 47 83
42 292 337 48
13 91 104 9
16 358 376 15
81 72 158 86
48 124 172 32
11 47 59 12
55 225 284 59
11 108 123 17
35 254 290 20
32 280 314 30
27 60 89 21
14 98 114 7
12 159 175 17
51 270 323 21
23 183 214 17
