300
18 287 329 7
24 223 248 28
9 292 301 17
20 458 488 46
21 554 582 21
20 336 365 17
42 390 435 28
111 116 227 91
5 355 364 8
43 365 410 39
46 524 571 40
63 193 268 67
9 485 496 8
49 357 418 80
35 353 390 66
22 20 48 21
14 538 557 14
44 274 320 40
14 341 355 2
15 388 408 20
47 163 217 61
41 276 317 38
38 401 441 25
10 137 150 10
36 279 318 13
9 41 65 13
24 535 574 25
16 365 385 6
14 253 272 21
28 411 441 44
38 361 402 38
20 329 366 20
21 356 378 51
48 301 355 80
52 452 505 25
44 462 508 28
33 331 381 45
17 505 524 16
9 500 512 11
35 427 466 46
12 352 376 12
30 88 126 18
41 462 507 38
13 537 552 6
13 15 28 17
56 474 536 39
26 455 484 23
20 278 302 17
37 203 246 49
69 329 411 110
21 22 47 23
18 386 408 26
17 239 259 11
10 186 197 10
35 243 281 23
30 380 414 12
18 182 202 12
26 108 145 26
14 218 232 6
23 27 55 26
40 94 149 59
23 8 32 19
51 244 297 28
39 14 62 59
9 490 504 3
14 12 31 1
36 276 320 36
48 434 484 48
22 30 61 13
20 66 90 15
21 228 251 35
84 39 123 98
12 495 517 7
21 492 519 15
20 15 38 12
37 25 75 27
44 366 413 117
25 27 52 45
12 415 432 5
19 154 178 9
47 323 371 46
49 395 447 49
34 451 493 20
22 18 40 19
14 428 447 6
41 460 507 19
43 11 56 56
50 219 279 13
65 219 306 56
37 180 218 46
18 375 406 27
7 456 463 12
34 426 463 19
9 92 105 10
20 396 423 19
39 482 524 74
25 48 83 16
30 440 472 9
10 10 22 21
3 25 44 3
12 51 69 14
38 332 372 24
15 432 448 8
12 429 444 27
1 229 231 2
17 257 286 17
40 39 81 63
14 204 220 16
15 197 214 30
18 461 500 21
14 263 282 17
12 435 447 6
32 390 426 67
12 484 501 5
23 379 408 35
51 47 105 46
62 327 391 71
21 116 143 34
38 417 458 46
59 446 509 47
9 383 395 6
17 104 121 34
23 492 515 18
25 449 481 27
7 92 100 7
30 206 239 7
58 81 139 63
65 167 234 25
49 396 447 18
25 428 455 18
19 159 182 6
8 269 277 9
22 119 150 17
10 13 23 12
22 396 426 16
19 142 170 12
13 427 441 15
10 290 313 12
17 107 130 20
10 14 29 24
21 150 181 24
15 466 485 14
35 136 190 26
29 95 124 43
12 17 30 18
42 286 331 36
30 401 438 60
20 448 474 16
30 345 380 40
17 165 187 18
28 392 436 19
45 523 576 56
14 430 446 10
37 362 401 22
53 288 344 52
13 297 316 28
35 380 417 33
16 193 218 10
38 126 167 44
10 326 340 9
13 463 480 13
24 29 53 39
34 453 497 22
16 323 344 18
8 79 91 3
24 138 162 46
26 460 491 26
41 148 191 29
38 151 198 20
34 439 475 33
47 55 108 13
13 361 377 8
6 60 70 3
9 344 359 22
18 435 454 10
96 330 447 62
45 283 332 21
3 510 517 7
26 346 373 29
18 463 491 4
54 499 556 40
25 44 73 26
67 254 324 71
33 51 85 35
12 272 295 3
6 345 363 4
22 366 389 11
23 377 409 10
80 103 191 96
45 321 372 68
15 481 504 24
34 139 179 47
9 312 323 21
22 449 478 28
17 560 577 10
25 280 309 32
5 323 337 10
17 172 200 9
15 305 323 14
10 426 448 12
46 275 322 40
4 291 299 3
31 392 425 56
131 0 134 130
26 362 392 27
59 12 74 36
29 223 254 26
54 493 549 49
7 392 401 7
3 101 104 1
66 118 197 67
26 261 294 11
13 467 483 5
25 194 220 32
21 70 99 37
24 410 440 36
46 17 65 35
40 15 57 29
29 186 219 27
18 116 143 14
19 438 457 20
14 199 223 6
11 129 147 9
71 491 570 55
48 494 555 65
4 63 71 4
21 406 439 13
32 75 109 84
55 503 561 39
81 339 428 34
6 14 24 13
17 283 309 59
12 197 213 9
16 192 212 6
44 69 113 38
17 374 395 29
29 421 469 24
51 13 72 51
11 481 495 23
3 498 507 3
8 94 105 29
11 198 210 4
7 71 88 3
24 58 83 10
46 202 250 36
28 142 173 21
9 171 185 8
37 248 291 35
5 301 308 9
3 416 423 3
8 160 180 13
72 108 182 132
38 490 537 86
60 142 206 46
13 42 60 20
38 439 480 44
14 87 104 22
54 301 357 60
13 9 40 14
49 497 559 62
15 300 320 4
8 375 383 7
37 383 420 48
1 406 413 1
25 213 238 23
33 479 523 27
19 432 453 36
12 18 31 19
12 409 423 19
12 30 43 28
31 553 584 19
7 149 166 7
12 59 78 22
76 318 399 24
17 178 198 9
13 31 46 8
1 442 448 2
16 203 219 17
68 416 492 115
30 121 160 50
12 194 209 11
34 342 402 34
44 186 230 40
57 431 498 124
80 61 143 101
34 281 323 19
46 450 504 49
37 32 75 16
23 448 473 48
16 5 35 6
24 475 504 15
24 174 201 33
10 263 281 5
7 49 60 15
15 429 447 12
18 41 69 20
39 234 281 59
31 228 263 41
40 12 62 11
3 188 192 6
