150
11 51 62 8
20 242 264 19
17 203 227 11
16 147 165 12
44 104 149 52
26 3 32 24
29 216 252 28
21 130 152 28
27 102 137 20
31 17 48 29
48 124 178 17
14 67 83 16
4 239 250 8
17 80 107 12
15 148 165 17
11 111 128 5
7 188 207 9
33 157 203 38
8 79 92 9
72 223 296 125
34 117 155 7
20 15 43 19
43 186 239 60
64 49 120 66
10 13 28 7
24 133 159 15
42 48 92 53
18 220 240 28
49 208 259 63
27 198 229 46
59 207 279 25
26 182 212 49
21 65 88 14
14 187 203 10
17 135 174 16
12 5 20 9
9 23 37 15
27 234 267 28
7 46 57 7
13 111 127 29
24 61 94 26
49 157 208 84
13 74 92 17
10 155 171 11
12 104 126 13
19 40 59 22
8 53 64 9
9 191 201 5
37 84 125 42
13 70 86 20
23 224 252 9
5 52 60 6
13 225 242 23
18 13 43 22
27 227 255 14
27 192 228 15
1 121 124 1
72 12 95 74
8 34 46 10
31 234 281 43
6 178 189 4
5 12 17 5
23 11 44 44
20 158 190 37
69 48 119 66
93 12 111 59
11 82 103 4
35 66 104 34
11 232 249 21
6 37 43 7
6 125 134 5
16 37 63 29
5 56 64 2
22 224 256 19
83 97 187 69
15 72 90 8
34 247 284 33
28 219 250 23
41 84 137 23
19 42 77 7
12 192 207 23
17 233 253 79
33 63 100 62
61 79 143 42
14 218 234 13
11 201 213 26
9 49 61 23
38 57 97 58
18 51 76 24
14 155 172 8
10 154 166 9
13 51 88 18
23 31 56 22
37 118 155 47
44 62 109 41
16 242 262 29
28 153 193 22
31 38 71 27
8 178 188 12
10 64 85 15
9 43 54 20
7 33 43 12
24 106 135 18
48 203 253 27
14 118 133 12
16 12 43 18
25 70 103 46
8 13 25 13
15 227 249 36
11 226 242 5
4 204 224 10
14 218 238 24
16 220 245 24
29 219 263 28
22 222 245 18
4 222 227 2
16 233 249 33
15 186 203 24
5 222 231 16
29 112 144 41
10 0 15 8
20 9 34 18
2 64 75 3
49 118 172 36
23 15 38 12
45 227 273 62
34 17 53 55
22 70 92 27
30 123 158 24
45 222 279 37
9 93 105 11
10 230 253 2
13 243 269 11
6 107 128 3
46 127 185 40
5 158 171 6
27 5 34 39
7 9 18 6
12 199 215 9
6 242 251 4
16 125 142 19
14 180 199 19
20 204 224 34
12 51 79 5
41 150 191 63
43 209 252 91
53 235 293 186
18 214 235 14
68 102 173 56
11 141 158 14
