450
30 501 531 27
14 654 680 10
21 390 414 18
9 180 195 12
31 287 323 23
30 226 260 31
8 446 455 5
10 697 708 5
52 608 663 20
9 373 385 15
33 339 375 15
38 7 54 18
32 425 462 32
58 370 433 79
13 29 49 14
10 341 353 10
41 210 256 9
21 643 669 29
37 658 701 50
35 407 449 33
44 630 685 24
20 8 32 33
12 259 275 7
19 132 160 11
16 370 387 21
12 648 679 21
30 576 606 11
18 417 440 43
31 703 746 28
23 398 431 22
15 663 681 11
17 529 551 15
13 533 551 11
45 623 674 48
8 700 712 4
7 240 249 14
23 452 476 18
16 197 215 7
14 262 279 14
3 568 575 3
9 327 343 5
36 383 423 8
49 544 596 57
36 366 404 40
18 254 276 3
48 32 84 69
34 321 360 14
30 607 647 12
9 192 207 8
9 115 124 13
33 330 375 34
17 97 121 10
63 5 70 77
3 342 347 3
48 242 297 46
5 290 309 11
22 39 63 43
14 144 164 12
17 506 533 17
72 642 716 46
37 195 233 44
34 620 659 27
50 294 345 51
18 399 421 18
21 86 107 9
22 38 60 7
40 280 321 45
14 410 429 8
15 217 235 24
46 707 761 52
27 70 97 61
12 530 548 5
22 199 227 33
25 422 452 9
54 610 668 34
9 628 640 16
73 710 784 54
28 535 570 17
18 643 665 11
24 343 367 14
34 40 81 46
2 426 438 5
4 674 684 4
12 29 49 19
8 321 337 16
22 331 356 65
10 374 388 3
54 544 603 61
33 623 658 59
25 120 146 25
37 34 73 49
10 527 542 3
22 158 181 6
19 224 250 12
73 624 701 15
58 15 76 70
23 0 30 30
3 280 286 3
3 412 421 6
26 54 80 34
15 72 93 5
13 201 216 15
6 484 493 6
39 237 282 35
26 254 289 2
12 331 345 16
35 336 378 55
27 200 230 31
14 25 48 9
9 555 567 3
58 592 653 22
41 0 41 14
17 20 47 26
14 351 368 20
34 349 383 38
66 602 671 124
16 377 398 8
30 506 542 25
8 657 667 4
10 466 476 8
26 187 216 31
38 393 441 42
11 382 394 22
24 359 384 26
22 584 608 18
18 440 463 17
30 347 380 4
16 459 489 8
12 522 541 8
35 403 441 39
8 271 285 19
20 42 63 11
7 479 490 11
21 188 227 12
17 701 718 39
17 673 697 21
35 679 715 27
15 542 575 22
7 75 87 5
18 357 375 17
11 0 25 7
37 86 130 16
6 462 471 6
30 561 600 23
53 318 371 56
45 378 427 118
14 482 508 33
24 619 656 11
24 395 424 22
8 489 499 10
13 24 47 46
61 92 156 37
20 337 361 21
25 500 528 30
39 129 170 30
20 77 99 26
3 89 95 4
9 438 451 16
25 74 117 11
45 156 207 65
48 652 705 51
29 318 359 69
11 650 663 11
16 84 101 27
19 443 464 6
9 534 545 4
23 278 306 31
67 444 518 79
60 363 436 58
23 519 543 7
9 327 340 15
80 468 550 56
27 436 465 34
8 353 368 4
10 0 19 7
24 628 657 15
20 479 500 17
50 299 352 22
10 219 233 10
16 562 579 7
14 542 558 12
51 411 464 45
22 480 506 9
41 211 253 36
21 288 313 36
30 103 137 25
13 196 222 8
34 209 243 41
43 302 355 30
18 351 371 17
11 195 207 16
45 570 621 85
20 455 485 29
10 643 661 8
17 453 470 10
33 399 435 38
29 425 457 5
14 638 656 22
27 640 669 38
43 237 285 62
23 273 308 59
63 100 165 129
9 189 202 17
22 606 634 10
26 181 220 31
36 357 399 33
9 294 312 2
32 602 636 63
4 441 454 3
11 250 261 15
20 630 664 13
4 175 192 6
15 408 431 18
22 536 559 39
65 673 740 36
53 424 479 96
15 54 72 3
19 531 559 33
22 169 200 25
7 476 485 6
37 307 349 52
30 621 665 60
51 387 440 37
23 618 653 29
34 402 443 51
25 324 362 27
42 687 734 60
17 220 238 9
31 338 380 35
16 596 619 35
10 713 725 5
57 0 65 88
13 177 211 11
5 235 244 6
9 585 596 6
16 196 214 18
14 280 294 16
6 518 534 6
15 0 18 13
21 386 408 9
24 281 308 25
15 416 432 2
35 213 257 26
13 401 414 5
26 141 183 7
49 659 712 80
29 300 330 26
57 543 602 18
23 540 576 76
7 626 637 15
41 521 573 22
50 467 517 73
27 209 240 8
41 265 309 26
9 447 467 9
13 677 700 7
24 327 354 31
36 307 356 37
39 450 490 50
21 507 531 17
23 166 189 19
27 173 204 48
16 395 416 5
8 696 705 7
14 454 468 14
74 192 273 57
46 384 436 65
20 526 547 30
23 286 313 12
26 464 497 56
33 182 217 29
26 461 494 34
26 413 445 28
43 315 377 29
8 538 549 5
35 544 580 29
11 574 592 11
16 25 44 14
45 336 384 44
3 589 599 1
12 651 664 11
49 654 711 51
18 719 740 30
96 214 316 72
37 512 558 7
38 67 112 33
46 287 335 5
40 123 175 49
17 161 178 9
18 135 157 17
26 573 605 42
9 427 439 6
21 402 434 31
21 568 589 20
24 666 692 62
21 140 161 36
6 610 620 8
19 0 26 17
21 700 726 30
19 661 686 19
60 466 527 71
11 580 596 23
4 195 200 9
11 666 690 10
23 327 355 22
36 298 338 53
22 447 481 28
16 64 80 4
18 536 562 12
27 384 419 19
15 668 688 14
14 175 193 18
26 594 625 13
17 186 207 30
22 324 351 23
28 617 647 18
18 244 265 5
19 665 698 23
18 503 523 16
13 385 403 4
15 690 709 9
34 274 318 31
43 666 711 65
20 144 170 10
9 573 587 13
59 398 460 53
50 465 525 52
9 681 704 5
8 187 202 23
19 413 432 3
30 174 208 34
15 647 664 9
31 532 566 31
10 109 121 4
5 248 253 4
19 563 586 6
20 419 441 38
60 146 220 94
8 593 604 4
36 649 687 92
35 202 243 28
45 603 653 93
35 421 460 17
16 478 495 9
30 307 343 45
30 295 330 12
29 283 316 41
13 632 647 5
18 192 213 14
21 26 52 30
30 427 463 56
33 469 508 30
25 455 482 38
31 539 576 3
13 602 626 25
6 636 651 13
32 243 283 32
31 224 260 28
23 322 352 13
10 462 476 8
24 0 40 11
55 695 754 33
7 645 656 7
30 433 466 22
57 443 505 59
4 45 57 7
38 219 263 28
23 538 562 44
30 90 126 27
9 300 310 6
40 550 592 48
68 677 747 75
4 361 367 8
5 217 228 6
59 590 652 27
18 642 661 37
7 291 300 11
1 203 204 1
13 333 350 8
34 466 502 32
6 41 53 14
21 588 614 16
8 346 357 14
11 474 496 14
11 477 492 6
21 103 125 36
27 528 559 8
8 114 126 9
39 40 80 61
7 664 673 2
9 732 743 5
15 625 647 6
32 129 167 11
10 311 328 12
23 0 24 14
27 693 721 60
21 159 182 13
30 443 474 24
13 0 15 11
37 316 355 32
64 502 566 86
24 596 622 19
17 21 47 23
4 390 396 4
15 246 262 30
22 675 707 9
22 282 309 10
21 20 54 10
55 476 535 56
32 114 148 23
32 107 145 44
19 640 660 30
34 227 268 16
43 425 469 64
18 387 416 20
33 510 549 58
49 289 345 94
4 382 387 3
26 607 636 9
49 67 121 34
8 81 92 13
74 412 487 68
8 473 487 11
52 341 400 29
24 190 218 11
28 85 116 15
11 522 537 12
14 118 149 14
38 166 211 17
59 26 86 26
46 567 618 119
44 451 505 31
45 249 295 19
13 625 641 10
21 449 478 14
27 548 582 20
1 707 723 1
38 512 552 37
12 284 301 6
25 296 324 35
28 611 646 32
23 365 390 18
37 452 492 43
21 441 466 38
40 595 646 50
14 541 565 6
55 367 424 27
24 685 709 12
9 262 281 9
13 85 109 4
