500
43 134 180 45
29 543 579 46
16 580 599 28
6 694 708 4
7 600 612 3
23 786 815 17
22 378 407 28
18 362 387 29
5 53 60 2
6 443 456 13
17 635 658 8
22 631 661 47
53 357 413 54
3 87 94 8
16 91 117 43
2 509 516 4
22 368 391 19
44 26 83 37
30 107 137 16
15 212 231 24
26 271 301 71
5 75 84 8
55 495 555 57
42 717 761 89
27 220 252 49
35 316 353 44
23 578 603 69
35 325 361 39
25 535 560 50
61 102 165 56
15 41 67 11
14 329 344 6
16 341 363 21
10 142 154 10
29 633 664 8
22 360 387 37
5 655 660 18
24 434 462 6
7 783 800 6
15 720 743 20
41 558 600 50
34 176 214 69
4 543 557 1
34 102 140 24
81 149 233 82
9 383 418 8
6 264 276 8
23 419 442 20
86 618 705 47
17 358 375 10
17 393 412 16
15 279 295 16
5 342 350 3
16 781 799 5
18 779 806 16
3 469 475 3
26 352 381 13
15 604 620 18
45 203 250 57
10 528 538 17
33 551 587 27
13 299 317 18
10 601 629 11
7 628 635 7
28 260 292 19
16 137 153 25
11 108 121 12
14 541 561 10
10 778 788 5
32 329 364 3
89 643 733 109
14 625 642 33
2 346 350 3
21 540 578 65
10 473 485 20
6 340 360 12
8 362 372 15
3 245 253 7
58 66 129 50
39 764 803 34
10 71 94 10
15 670 689 9
99 593 700 126
9 380 397 5
9 650 660 15
39 328 367 33
50 488 539 55
70 583 653 63
8 384 393 6
27 317 346 17
5 80 87 9
24 418 445 30
24 774 807 31
18 669 692 7
57 430 494 31
22 148 170 21
6 147 153 7
32 631 668 13
12 695 710 11
12 500 520 4
22 333 364 38
78 227 305 55
17 275 309 8
18 589 617 5
28 377 405 39
28 485 515 46
19 330 351 23
7 327 341 11
7 50 61 2
13 306 325 6
8 623 639 22
17 801 824 32
41 458 504 5
21 509 536 24
26 622 651 15
13 705 719 9
28 689 724 8
38 217 264 17
15 502 533 35
11 608 621 15
22 246 271 33
17 57 82 16
27 520 556 48
35 119 156 42
18 513 536 17
18 291 313 11
35 685 723 44
53 768 827 31
33 303 345 16
25 321 349 17
12 485 499 17
9 521 534 31
44 773 817 15
10 683 697 6
37 342 390 32
8 27 45 16
22 640 669 40
26 214 246 28
9 67 81 4
7 234 245 18
20 481 501 22
19 587 610 11
30 669 703 20
7 18 38 7
17 729 749 12
49 330 383 55
9 326 335 7
13 388 406 9
54 513 573 39
10 108 126 15
21 581 602 40
33 629 666 54
33 80 113 9
12 139 154 17
31 39 72 31
25 135 171 34
11 151 170 5
46 88 135 41
19 295 317 6
43 85 137 41
52 422 483 79
11 370 382 14
22 349 372 13
3 213 218 2
27 46 78 9
28 732 767 42
18 164 182 28
27 625 665 51
31 350 381 54
4 156 165 3
13 534 556 18
12 543 558 11
25 687 716 17
23 840 871 13
20 95 121 40
35 487 526 38
7 0 15 14
22 506 536 19
9 665 679 7
34 483 518 23
13 662 687 15
56 71 128 45
12 662 681 22
10 63 81 21
40 267 310 63
31 592 623 37
34 589 628 27
14 428 442 19
25 762 792 23
27 684 725 13
5 183 190 5
15 517 532 24
7 283 290 6
23 798 821 45
30 61 91 54
31 67 102 20
24 653 677 58
11 358 369 17
4 115 124 5
52 300 356 37
10 71 82 11
49 560 612 55
4 247 255 6
32 550 582 35
30 459 502 34
36 391 428 47
8 262 273 20
85 140 225 72
14 615 644 8
21 755 787 21
45 283 331 31
19 640 669 25
24 90 116 18
27 63 94 21
38 205 248 57
66 376 444 20
12 740 757 26
36 749 794 15
72 390 471 107
22 320 342 7
49 603 653 118
23 565 590 29
49 399 450 37
15 329 344 12
26 336 371 36
8 0 12 3
13 335 357 8
35 618 660 15
27 295 329 49
37 211 254 34
9 192 206 7
22 768 799 32
18 84 102 19
8 253 261 7
22 604 628 13
25 530 559 29
23 101 129 15
14 318 344 12
49 589 640 92
118 300 419 65
15 257 276 20
3 675 683 6
28 719 756 37
19 505 531 13
31 117 159 25
15 535 561 19
5 284 296 3
17 472 490 19
8 258 273 3
1 406 408 1
7 494 510 14
50 0 51 32
12 824 842 6
7 116 123 16
25 536 569 28
54 707 761 44
13 364 382 13
5 59 73 4
52 466 524 40
18 114 140 4
8 392 402 9
39 702 745 36
13 199 214 1
33 619 653 60
22 115 137 9
5 16 24 4
12 772 785 14
25 95 124 38
25 390 421 11
8 595 605 5
30 430 465 28
26 688 721 30
24 708 739 22
30 639 673 45
34 493 531 49
47 610 676 70
23 397 433 9
53 723 780 38
11 207 231 6
14 622 637 22
45 137 188 57
22 0 37 8
9 670 681 17
3 537 543 5
21 33 54 26
30 110 142 25
38 576 618 44
10 43 64 10
20 675 695 30
34 0 37 35
16 448 466 24
85 55 141 87
24 78 119 23
14 703 721 14
6 169 180 17
53 370 429 88
32 137 171 35
9 149 163 12
10 169 180 14
21 737 761 14
41 675 721 21
26 172 202 18
30 199 232 55
10 568 583 7
38 454 495 67
8 332 346 11
1 513 516 1
35 495 531 18
6 612 619 7
3 740 744 4
10 424 440 9
13 61 77 8
13 594 608 9
44 29 75 30
13 628 646 7
31 527 560 21
24 132 165 11
48 576 624 78
17 188 211 18
11 607 623 3
39 655 704 42
34 417 454 26
6 62 69 4
7 638 649 10
19 459 480 18
46 635 686 77
64 786 855 150
11 156 171 16
32 336 369 41
10 104 127 8
12 690 723 12
20 648 668 12
20 226 250 19
13 420 438 10
49 127 178 94
8 525 535 14
64 476 543 31
11 828 847 20
11 83 98 8
40 776 817 28
27 4 31 17
8 696 705 7
10 105 123 2
23 729 752 23
19 80 104 35
43 138 186 39
33 703 742 59
29 175 204 42
12 61 76 19
12 773 788 6
47 590 644 33
9 0 18 2
38 509 558 26
19 733 753 21
30 516 557 29
30 61 99 57
29 30 60 7
13 671 689 2
20 490 512 13
8 568 578 6
47 642 697 80
12 208 221 8
25 372 403 13
12 0 26 17
85 338 429 111
49 0 52 68
18 688 709 8
52 347 400 73
33 590 623 33
18 681 703 24
49 599 651 34
3 708 722 3
17 341 361 7
6 476 483 3
34 113 163 34
18 748 772 29
12 409 430 11
19 280 308 73
69 495 566 173
47 588 641 47
7 836 845 17
23 630 657 38
25 703 730 12
21 124 145 8
22 116 145 27
14 454 468 13
18 98 123 25
36 294 337 26
7 394 411 12
10 764 780 7
37 65 111 37
73 89 163 98
36 5 45 59
4 596 606 3
28 508 539 21
9 71 87 5
20 288 312 20
27 580 610 24
22 56 89 36
11 676 688 13
58 366 427 52
15 452 472 2
50 123 179 25
19 151 175 15
12 808 822 15
36 669 710 31
50 255 311 49
20 638 674 20
32 658 700 56
44 82 130 29
40 63 109 45
34 59 100 61
33 804 839 56
5 271 276 9
11 720 734 6
28 226 255 35
6 444 451 5
39 383 427 43
44 610 660 24
53 340 401 39
23 699 728 11
5 448 459 4
23 290 324 12
19 570 596 25
8 153 180 16
5 90 97 8
6 278 286 5
18 59 86 8
28 841 872 43
12 526 544 6
6 227 234 5
39 105 148 28
61 329 391 70
22 521 548 11
8 441 449 8
6 829 835 2
4 654 660 5
18 789 816 2
40 101 148 52
59 199 261 33
31 694 728 9
23 105 137 30
10 158 173 4
56 621 682 34
28 834 865 21
8 419 428 13
3 231 235 6
48 298 348 25
17 305 328 20
41 695 737 31
10 711 722 4
4 752 759 3
10 279 290 4
10 632 645 35
6 404 414 5
9 123 138 12
13 265 293 9
41 90 131 33
20 359 384 25
43 415 460 76
27 667 695 22
28 686 722 20
14 276 296 9
52 15 72 42
16 264 286 9
35 825 860 21
16 287 321 7
33 0 37 25
58 5 63 112
15 506 523 23
18 107 130 25
18 129 151 19
35 274 310 23
51 129 192 32
30 127 160 31
29 426 457 54
18 26 47 19
42 497 546 32
33 577 610 60
1 728 733 1
58 720 781 80
50 302 353 65
40 321 363 60
14 631 651 18
13 142 155 26
9 227 241 15
31 675 710 33
21 304 327 31
41 407 449 26
9 662 671 9
18 657 675 20
9 657 673 7
25 479 505 25
11 103 122 28
59 365 437 84
30 743 782 38
9 602 618 6
3 507 517 2
19 529 549 6
23 157 185 15
