100
17 90 123 20
20 74 95 8
38 76 114 19
9 85 100 6
43 69 113 14
51 128 189 44
6 40 67 1
22 73 101 13
30 41 73 26
26 145 173 29
43 145 200 86
28 121 150 62
15 29 50 16
28 107 140 28
75 19 108 53
42 42 94 40
29 19 55 32
23 9 35 39
17 78 105 20
70 0 70 101
17 69 91 12
52 16 73 33
37 46 91 88
6 31 50 8
6 146 170 7
81 45 132 52
16 31 53 22
36 128 164 14
18 47 71 17
4 51 64 13
34 44 91 27
3 88 93 4
57 74 131 55
21 12 33 8
18 26 45 16
31 48 79 28
25 94 119 23
27 12 46 13
18 52 73 7
21 101 124 14
65 51 123 69
37 43 82 44
38 53 94 29
34 117 152 27
44 149 198 41
18 142 163 7
23 33 64 30
29 51 84 37
18 99 120 17
12 127 152 9
40 120 173 30
39 137 180 9
9 49 58 2
23 93 117 32
58 140 202 86
21 155 181 17
45 14 61 15
8 107 123 5
3 62 65 5
33 42 81 10
22 73 98 17
15 145 166 5
14 118 134 7
16 99 115 16
72 152 224 12
4 47 63 1
17 3 25 21
36 113 158 17
16 20 37 4
113 44 167 113
8 124 134 14
12 75 96 6
6 96 118 6
49 0 59 47
5 147 155 5
58 76 136 29
43 69 113 49
22 83 109 32
20 15 40 9
20 133 153 19
6 78 93 8
108 37 152 41
11 138 149 36
15 130 148 19
6 108 136 6
48 142 192 26
18 148 171 30
47 38 96 34
40 114 158 30
36 55 91 35
10 131 142 2
11 73 88 35
2 126 141 1
10 79 95 15
6 111 119 4
19 55 81 4
5 69 78 5
7 130 145 14
29 80 111 17
56 147 205 99
