350
17 251 272 10
10 226 244 10
6 370 377 12
22 89 124 50
39 394 434 20
30 305 336 22
28 309 342 38
26 423 454 17
28 40 71 31
37 30 68 46
14 527 541 12
30 608 652 17
45 390 435 30
16 437 456 9
9 100 118 11
26 45 76 41
5 452 464 5
8 299 312 12
20 93 119 26
25 80 107 10
19 111 134 16
44 208 253 71
5 286 297 2
8 534 555 5
1 132 139 1
14 611 625 15
36 388 430 28
28 475 506 32
21 564 597 31
1 99 102 1
18 258 280 17
43 470 516 72
21 210 232 15
35 634 671 49
24 428 457 31
21 645 670 8
42 451 502 78
26 383 409 6
22 207 232 47
20 0 21 21
62 227 293 60
7 266 273 7
15 47 64 14
11 290 303 8
48 408 461 65
22 266 297 14
115 387 505 100
28 454 490 16
32 29 62 17
17 552 578 5
1 520 529 1
13 481 501 11
42 217 268 28
12 474 494 17
12 484 502 13
23 218 247 27
9 308 323 13
24 353 388 2
31 66 97 56
28 468 500 23
7 152 162 8
10 439 452 4
18 315 345 11
8 475 484 6
37 496 541 16
3 566 569 1
10 347 370 5
41 21 65 56
2 76 79 3
40 504 555 105
24 443 479 29
16 129 146 17
17 350 382 22
56 504 560 35
35 566 609 48
67 217 287 77
24 602 631 23
22 420 443 23
7 39 49 17
10 367 383 15
16 147 167 15
69 71 147 105
16 60 88 3
22 428 458 55
19 510 532 25
22 553 577 27
31 607 641 28
20 256 281 7
48 135 189 28
24 237 261 27
25 129 160 15
46 556 602 55
16 276 299 15
45 342 394 34
23 541 579 18
3 337 343 1
10 588 606 15
32 238 276 93
39 266 310 51
5 327 337 7
11 618 641 18
11 308 324 11
48 298 351 55
40 274 321 14
48 488 543 18
47 206 259 25
41 193 235 34
10 235 247 8
9 553 566 6
12 141 157 8
47 79 130 42
18 30 49 34
25 464 494 11
41 286 334 55
29 134 165 40
11 346 364 10
30 376 408 18
36 139 180 40
6 616 628 2
41 450 493 56
20 246 269 18
8 224 236 20
16 374 393 24
22 277 301 28
29 499 540 30
20 230 251 7
35 56 96 53
15 500 515 12
13 329 349 15
34 127 165 58
12 451 466 18
11 150 166 14
15 416 431 23
39 269 311 25
39 498 539 34
13 511 525 27
11 62 75 19
9 358 372 6
9 90 101 16
35 204 251 51
24 200 224 38
14 556 577 17
41 132 176 16
22 515 542 18
24 429 454 33
30 376 406 84
38 101 145 40
30 117 157 53
14 100 127 8
34 47 85 94
12 332 344 8
10 144 166 14
19 628 652 29
26 322 348 22
24 610 639 36
37 351 392 20
23 156 186 26
18 242 261 9
12 181 198 18
33 386 425 2
7 587 599 13
27 506 534 44
43 280 326 41
45 525 570 28
11 537 562 15
28 147 181 33
20 210 238 4
30 291 326 31
44 623 679 51
30 445 478 57
44 190 247 21
21 79 100 7
17 640 658 14
5 60 67 6
13 301 319 10
25 187 231 25
31 319 352 18
16 512 536 10
27 413 446 44
59 192 252 20
8 235 243 8
12 232 251 9
20 564 585 10
35 466 507 25
28 134 162 19
53 591 644 61
27 228 258 46
3 87 90 4
16 260 278 8
31 16 62 27
17 442 463 18
18 245 275 30
10 292 310 25
9 508 520 11
32 56 94 53
40 417 458 25
35 52 89 63
76 74 157 74
30 140 171 30
17 146 169 10
49 147 199 69
28 229 264 32
13 116 136 8
20 385 408 20
7 487 495 12
46 449 502 37
10 387 401 18
3 195 200 2
33 216 253 37
54 316 385 23
17 263 293 12
8 277 285 5
3 598 602 3
20 561 583 26
23 442 469 25
25 235 277 33
36 82 123 9
21 127 157 5
49 615 668 55
56 243 306 71
13 232 248 21
31 286 326 14
34 310 344 27
10 298 310 26
15 584 609 19
23 42 74 19
21 330 353 11
31 514 549 28
2 259 261 2
49 31 81 67
63 228 301 78
11 372 384 10
21 225 246 13
29 359 390 42
33 64 102 16
24 360 389 26
10 559 576 6
12 132 144 17
39 441 481 46
5 424 440 3
38 74 117 53
33 255 296 4
1 386 394 1
22 348 377 34
21 306 332 32
15 582 597 10
17 228 254 18
29 39 70 62
17 199 218 9
13 247 264 18
6 421 428 6
24 147 173 30
35 151 189 15
20 244 265 10
29 213 242 39
13 49 66 7
13 650 669 10
23 245 268 23
8 372 383 6
12 94 114 18
11 285 301 10
8 316 329 6
43 353 404 15
46 143 202 47
2 315 322 1
49 404 460 47
11 319 333 7
23 438 476 15
46 499 547 161
12 172 187 5
53 298 357 36
20 105 138 24
3 291 301 5
71 279 353 134
6 140 146 12
17 183 203 6
31 80 116 25
10 105 125 7
68 255 326 83
18 632 654 22
14 449 466 23
40 495 540 24
21 538 561 17
14 24 42 13
32 310 347 46
19 90 115 10
44 192 243 32
30 451 492 31
31 307 338 23
7 472 489 3
25 57 82 34
42 153 197 38
18 143 161 23
29 336 374 22
8 35 54 12
12 88 106 35
36 430 476 43
36 480 517 22
32 56 90 26
92 54 147 111
99 232 337 67
24 293 325 35
14 629 646 16
36 258 295 51
12 133 155 16
14 327 345 15
24 40 67 24
8 65 78 19
22 163 198 56
12 588 612 21
99 483 583 118
49 425 478 110
43 153 204 31
27 468 501 49
20 616 640 22
14 402 421 12
17 305 327 19
34 558 597 78
11 547 559 18
28 155 200 53
48 257 306 37
39 15 69 51
3 284 294 4
5 96 102 2
38 365 405 34
17 65 84 29
24 593 619 25
18 53 73 21
57 7 64 40
3 102 107 1
3 177 183 7
14 580 598 21
8 594 609 13
24 544 577 26
1 64 80 2
7 584 599 5
39 442 494 74
43 517 579 14
8 464 477 8
14 622 637 8
19 8 35 10
19 499 525 19
6 100 112 13
49 488 546 49
17 593 631 26
49 53 111 47
2 360 364 2
15 414 431 13
41 195 242 47
19 521 545 25
