400
24 687 725 12
74 698 786 78
20 572 609 13
86 731 833 64
22 88 115 27
15 288 310 23
15 197 214 9
43 311 362 64
47 173 232 13
36 62 104 26
6 123 129 3
28 661 691 9
12 132 146 13
22 94 124 20
66 11 81 141
9 552 566 16
25 158 184 13
29 174 208 23
20 50 80 14
27 588 617 41
22 501 525 26
24 705 731 21
58 360 420 53
9 283 298 18
13 505 521 16
12 519 544 13
16 243 262 6
12 114 131 17
19 404 427 18
16 297 315 16
14 595 612 6
39 449 501 14
11 98 114 12
13 721 741 16
7 3 13 24
5 671 677 4
61 250 322 24
9 513 530 7
25 346 381 31
37 638 680 28
7 40 51 9
10 604 614 11
21 548 578 20
23 236 261 33
42 182 232 48
38 390 428 16
41 494 538 43
23 66 91 21
18 244 263 12
14 28 42 2
5 310 321 1
12 497 515 17
5 270 279 9
16 342 363 18
18 41 63 35
12 350 367 9
3 636 643 8
17 439 456 29
24 415 442 14
50 311 369 41
24 19 44 25
10 591 603 11
27 393 426 20
63 249 314 49
72 687 759 129
39 563 615 14
2 595 599 5
42 501 549 35
16 674 691 8
23 314 352 28
21 532 558 25
87 626 716 64
21 54 78 16
7 558 568 9
20 326 362 10
12 584 605 12
28 573 608 17
16 91 112 15
15 477 492 15
39 506 546 58
50 55 108 28
22 10 33 21
36 582 622 39
15 217 233 15
13 19 44 6
89 222 315 75
28 518 548 30
5 708 718 7
13 166 184 20
57 361 424 78
15 695 710 35
11 176 187 22
67 0 72 22
39 638 679 14
24 218 243 58
54 297 355 53
67 720 799 43
26 254 285 8
33 654 695 37
49 157 214 35
28 323 352 17
51 539 602 20
21 515 544 15
23 190 221 28
10 95 107 4
97 56 168 75
37 54 94 28
19 428 452 17
10 83 93 11
50 11 65 21
6 187 197 7
35 424 466 24
33 491 538 74
16 292 309 4
7 18 26 1
17 658 686 25
13 127 151 25
21 360 383 8
31 269 300 20
23 554 589 39
14 103 121 36
8 109 124 7
46 278 330 31
18 536 560 15
30 71 102 27
27 62 92 22
2 300 304 1
21 394 418 15
22 223 246 44
8 25 39 7
30 280 321 22
39 494 533 19
14 316 334 9
29 257 290 26
14 393 415 9
16 467 493 6
15 595 612 6
26 359 386 21
11 289 306 6
11 433 457 12
30 362 394 62
34 579 622 40
43 528 574 17
31 582 613 13
37 357 397 102
23 203 230 32
18 313 332 27
20 289 310 23
4 330 342 8
11 575 586 17
56 113 178 44
14 592 609 12
5 388 404 9
15 588 618 16
12 416 430 12
7 3 15 7
21 250 273 5
19 272 294 31
20 332 354 9
15 318 334 15
61 492 554 87
75 158 234 64
7 716 728 3
58 644 706 44
58 371 434 73
48 280 335 33
26 339 369 15
27 102 132 7
11 457 489 5
28 555 588 34
8 247 281 7
14 92 115 9
33 199 237 63
11 137 150 17
15 216 233 8
8 554 570 3
47 695 745 21
33 551 591 63
48 164 213 150
7 360 374 8
5 595 601 5
74 484 564 53
26 617 664 46
39 409 454 35
29 411 447 21
43 556 605 91
8 121 133 13
6 537 545 6
25 631 658 31
70 129 204 85
17 182 202 5
64 12 86 55
4 485 490 4
23 503 531 21
10 135 149 4
10 498 511 14
56 726 787 68
25 431 458 21
74 339 418 105
11 683 694 7
48 461 518 59
16 652 671 17
11 440 453 9
3 560 567 2
29 235 266 4
26 462 491 12
11 256 280 12
53 362 417 51
22 288 318 25
24 563 598 41
13 323 338 21
54 420 485 36
52 541 602 29
63 319 386 79
3 278 287 3
21 115 139 26
29 607 639 30
50 171 227 77
15 533 550 18
15 683 700 27
34 488 525 28
38 65 106 67
39 328 369 72
18 437 460 19
19 130 150 63
1 563 568 3
11 247 268 25
24 114 144 28
30 296 330 17
9 14 26 3
44 283 333 79
25 278 310 32
4 401 411 6
22 146 171 12
38 390 429 46
35 150 185 31
16 390 407 7
7 19 30 18
11 12 26 19
15 213 231 12
67 142 215 19
15 636 661 11
36 52 91 52
4 328 337 2
20 250 273 16
20 163 184 15
14 566 586 21
24 492 517 20
9 531 542 3
34 643 682 73
27 148 178 10
21 537 561 14
28 298 332 20
39 351 394 32
13 379 396 12
7 578 585 2
11 194 205 9
19 284 316 6
2 194 197 4
26 155 183 22
20 201 232 13
7 516 530 14
22 521 543 26
50 667 729 15
26 267 295 25
31 516 551 23
41 390 435 15
34 125 164 41
26 299 332 14
42 383 429 30
20 470 492 21
16 139 157 8
27 474 506 5
33 333 378 35
16 72 88 20
17 8 26 12
64 527 594 43
23 131 159 99
1 309 313 1
24 118 143 27
28 398 430 22
34 403 443 18
74 63 140 61
47 262 311 96
31 707 744 24
21 648 672 38
27 708 735 40
20 311 337 21
105 288 397 145
15 597 618 18
21 530 552 21
26 693 719 25
13 583 602 7
27 633 664 38
9 543 557 4
32 312 347 25
32 308 345 31
6 390 403 12
27 154 184 22
111 674 788 108
3 159 166 6
65 91 170 71
14 53 68 20
12 523 540 11
14 189 205 19
15 203 236 20
9 205 226 7
4 377 382 7
49 439 496 34
45 177 227 54
21 626 650 31
6 348 357 5
3 309 315 2
34 388 428 47
13 618 634 18
23 194 222 28
6 156 166 2
14 567 581 14
33 277 317 17
11 234 250 6
20 306 333 18
5 696 702 6
63 638 703 26
28 63 94 24
19 61 93 13
27 415 446 18
20 638 662 11
58 441 502 57
20 467 492 21
14 122 137 38
61 514 581 75
41 7 52 28
27 248 284 30
27 392 420 41
15 291 310 28
14 507 522 10
26 719 752 44
18 7 25 21
28 701 729 36
35 712 747 52
6 213 239 16
13 579 600 16
30 285 320 47
42 225 285 38
33 598 633 31
39 230 270 19
25 657 686 17
32 685 724 22
47 600 655 56
13 618 632 5
74 556 637 30
7 36 43 12
60 556 618 54
16 357 376 16
11 201 223 8
35 696 737 27
43 557 604 32
7 181 189 7
6 524 540 4
43 396 441 56
10 350 372 5
20 627 648 11
21 285 314 13
5 258 265 4
57 624 694 66
15 670 690 27
13 319 335 14
5 70 78 2
28 418 449 32
60 429 490 25
15 627 652 13
13 198 211 3
24 316 340 20
60 186 249 46
21 537 571 17
18 375 398 10
24 226 255 17
7 679 695 2
12 54 71 3
36 651 687 57
8 410 420 7
21 228 255 22
32 541 590 17
28 637 667 23
27 68 97 68
36 667 718 38
23 150 175 12
14 594 624 21
21 19 51 40
24 460 486 7
17 264 291 29
27 190 220 13
5 273 282 2
9 107 124 8
27 105 132 11
11 189 201 18
43 573 619 60
27 277 305 11
3 638 644 4
42 575 619 29
