200
16 211 232 26
16 216 233 18
25 313 346 22
69 231 308 24
17 56 74 20
12 310 332 2
29 54 93 25
4 67 71 7
18 46 64 20
24 272 303 15
46 152 201 23
29 91 132 44
39 260 306 9
18 278 303 9
53 239 296 67
41 55 100 28
31 58 90 42
30 255 295 29
12 5 23 4
22 114 140 23
18 189 218 7
52 310 362 45
17 233 252 12
32 235 274 21
14 90 111 11
8 114 128 13
74 75 153 91
27 49 82 42
27 161 196 17
24 349 373 10
49 369 425 9
11 343 360 10
19 240 268 10
7 349 363 12
10 81 105 10
41 316 357 91
38 182 228 33
15 268 285 16
12 330 347 17
9 296 305 13
22 83 116 29
15 173 188 21
35 134 173 8
14 279 293 10
7 49 59 5
12 315 334 4
32 0 35 36
18 251 276 10
22 29 58 50
26 209 247 12
6 218 228 5
3 71 80 6
30 249 281 29
45 63 114 83
19 290 316 11
29 321 353 34
21 250 275 27
8 299 313 10
17 81 108 17
54 123 184 27
43 32 76 39
5 236 245 9
39 48 87 41
38 141 183 24
41 152 196 28
8 372 388 6
38 370 414 56
15 53 76 19
43 226 271 17
5 17 30 6
46 282 329 87
9 82 92 16
5 172 181 2
28 282 320 28
70 72 148 167
12 250 271 10
20 162 182 11
22 312 334 23
33 291 328 33
6 215 226 10
75 340 420 73
62 256 323 36
22 303 331 18
22 127 150 35
38 178 221 28
26 358 386 24
31 89 132 38
3 282 285 12
11 240 255 13
20 335 359 35
27 124 158 47
16 321 337 10
55 154 212 88
32 226 267 18
78 134 214 24
17 63 88 27
8 184 192 19
24 226 253 6
10 301 314 7
68 162 234 51
24 324 352 10
42 290 337 51
36 316 356 28
14 43 62 10
9 68 86 13
1 241 251 3
38 44 91 12
7 200 209 2
34 289 328 27
18 254 274 19
11 249 263 8
5 152 158 6
12 267 279 29
17 269 287 3
26 163 195 8
46 216 262 24
14 244 262 28
7 129 138 7
19 159 195 14
29 0 30 16
21 116 141 32
20 357 377 25
49 356 413 94
28 69 102 18
17 193 213 32
6 182 217 3
16 252 270 24
67 190 257 138
18 146 166 14
42 364 407 40
49 353 406 34
28 176 204 40
42 190 233 54
20 206 235 13
26 167 215 17
8 367 380 5
29 191 220 33
16 54 72 6
4 320 326 5
23 71 99 22
21 176 197 2
5 134 151 4
44 198 247 62
17 185 214 28
12 83 99 7
10 257 274 4
31 255 288 15
33 16 54 39
20 163 186 30
46 176 222 41
23 259 285 28
7 290 299 14
23 297 331 18
27 146 182 23
48 245 296 41
19 351 374 11
22 9 41 15
24 61 92 37
35 304 348 10
5 66 79 10
22 291 317 12
14 15 32 6
44 282 330 42
18 90 110 24
8 302 315 1
27 182 213 44
23 69 104 5
19 0 20 11
35 231 270 32
12 209 226 14
17 0 30 24
20 83 104 28
63 176 241 12
22 278 306 15
77 232 319 123
43 5 57 28
13 333 351 21
6 90 106 10
13 155 175 9
18 78 96 23
5 50 56 3
25 360 397 39
27 324 359 29
32 143 183 68
18 362 384 31
48 274 324 74
38 50 89 23
15 121 144 7
9 183 204 19
21 146 172 27
26 52 85 10
10 322 339 16
16 369 391 51
9 110 124 17
25 158 183 11
23 252 279 55
45 134 180 86
13 0 14 8
32 158 195 18
98 67 169 67
