50
11 13 24 7
42 16 58 17
14 15 32 15
15 40 61 28
38 3 52 38
46 21 69 63
60 67 133 53
16 83 105 17
9 59 70 9
50 28 87 17
11 20 47 10
34 33 73 50
48 76 131 41
18 0 25 37
13 25 44 10
40 27 68 72
25 5 32 12
13 40 56 5
8 58 67 17
32 46 85 48
57 61 123 23
14 73 91 6
26 0 35 27
4 39 56 6
33 16 55 35
7 77 88 14
22 62 102 10
36 32 70 17
46 43 95 47
13 18 34 9
15 93 109 15
18 0 24 12
27 0 39 25
28 66 96 10
7 20 38 3
44 70 119 25
3 53 58 3
22 32 62 27
26 44 77 11
11 6 21 13
9 47 63 7
55 0 59 68
53 71 134 98
11 7 21 7
43 0 45 35
10 8 23 21
25 84 111 25
25 85 112 13
38 61 105 33
4 45 55 4
