400
212 201 891 11
354 102 574 20
200 535 1007 6
393 1224 2889 20
77 1039 1262 6
109 1299 1644 17
301 1537 2417 10
78 1864 1948 16
132 1943 2176 13
259 2042 3057 11
177 2593 3418 16
298 2840 4207 17
368 3113 4935 16
355 3061 4554 0
114 3221 3490 9
83 3228 3370 16
147 3951 4243 10
40 3963 4094 5
70 4202 4386 11
211 4333 4767 11
315 4354 4751 4
327 4725 5190 12
108 4601 5066 6
192 5292 5879 3
77 5467 5672 17
283 5688 6858 10
176 5711 6326 0
67 6233 6315 17
268 6407 6866 4
266 6279 6603 15
276 6865 7744 18
295 7104 8536 13
117 7048 7186 8
382 7475 8109 12
104 7345 7470 10
325 7461 8904 18
91 7851 8067 0
272 8303 8922 10
280 8183 9385 4
201 8177 8794 13
159 8835 9407 12
258 9115 9628 18
385 8966 10381 13
230 9417 10392 20
187 9758 10434 16
92 9718 9954 15
208 10226 10863 17
147 10103 10333 19
196 10365 11083 3
389 10606 12373 20
253 10927 12080 15
159 10836 11028 3
149 11279 11659 20
284 11389 12518 17
345 11931 13456 12
395 12003 12534 7
67 11850 12101 1
278 12461 13127 15
251 12446 12723 15
290 12748 14114 0
42 12768 12848 8
368 13150 13657 17
189 13436 14237 8
204 13530 14211 6
284 13415 14326 15
57 13921 14061 19
88 13987 14296 13
54 14650 14871 3
264 14605 15547 20
250 14487 15034 11
98 14589 14807 19
327 14979 15534 1
292 15303 16265 12
166 15559 15910 10
70 15906 16222 12
96 16080 16334 6
245 16163 16626 11
388 16653 18454 6
318 16919 17949 4
204 16753 17266 19
318 17259 18562 9
355 17550 19278 20
255 17584 18612 17
202 17787 18458 7
233 17984 18610 20
325 18287 18714 12
77 18320 18411 17
110 18349 18763 2
253 18388 19142 19
359 19027 19424 17
231 18844 19239 5
207 19553 20450 15
71 19606 19885 4
95 20090 20200 3
394 20183 21563 7
117 20151 20619 6
125 20757 21363 6
314 20828 22033 6
355 20703 21399 11
316 20818 21474 7
190 20874 21577 3
79 21216 21411 14
101 21388 21837 19
351 21687 22258 6
239 21689 22659 16
78 21531 21726 8
63 22643 22744 11
392 22908 24064 18
112 23032 23432 18
122 23284 23599 13
186 23443 24048 6
26 23675 23759 8
319 23667 24853 3
144 23695 23839 16
316 24503 24860 6
195 24396 25091 5
266 24316 25350 19
148 24875 25356 20
371 24814 25996 7
298 25114 25902 5
220 25365 25715 14
143 25752 25930 12
65 25913 26039 1
226 26018 26481 13
142 26621 27105 17
240 26600 27610 19
269 26702 27511 10
396 27157 27967 11
176 27298 27724 12
230 27261 27914 18
317 27430 28073 19
365 27470 29102 2
235 27764 28082 1
394 28058 29588 13
126 28017 28353 1
319 28255 28722 19
76 28685 29003 12
98 29265 29635 8
46 29242 29320 7
320 29727 30420 8
345 29673 30782 13
381 29781 31620 8
189 30187 30518 17
43 30325 30430 17
375 30508 31109 1
318 30881 31906 12
106 31106 31395 6
26 31383 31445 1
200 31623 32449 16
185 31680 32099 7
262 31598 31883 1
212 31760 32163 6
24 32402 32516 10
399 32579 34526 5
169 32786 33032 12
67 32928 33249 7
326 33275 34092 7
181 33181 33738 8
55 33173 33352 0
225 33332 33690 5
53 33671 33914 9
68 33692 33867 8
49 33663 33886 15
118 34246 34434 9
203 34372 34679 19
108 34454 34746 0
48 35307 35424 19
395 35272 36928 11
108 35711 35825 7
240 36026 36623 19
52 35887 36116 11
259 36479 37113 3
325 36635 38090 2
400 36628 37588 4
317 37098 38275 2
111 37103 37355 19
231 37541 38270 7
134 37394 37769 20
333 37786 38365 13
332 37964 39469 1
148 37891 38609 0
36 38098 38199 12
380 38819 40412 7
384 38720 39652 19
350 38681 39472 2
177 39123 39781 17
228 39242 39486 20
350 39607 40758 16
296 39701 40701 19
173 39570 40368 13
148 40225 40626 11
63 40409 40692 16
160 40543 40785 3
44 40511 40660 15
399 40472 42292 19
49 41328 41518 5
347 41405 42336 8
67 41374 41579 13
331 41504 42246 20
243 41550 41998 4
29 42513 42625 1
235 42531 42814 11
57 42590 42798 8
170 42621 43103 2
358 42955 44293 10
290 42905 44192 9
136 43261 43557 10
231 43680 44611 14
265 43682 44368 5
386 43957 44467 17
334 44140 45429 13
256 44705 45943 9
103 44566 45066 8
72 45255 45343 14
137 45328 45512 5
343 45395 46181 1
130 45627 46031 8
307 45532 46889 10
214 46380 47349 6
271 46579 47289 11
312 46457 47111 20
318 46793 47304 5
347 47143 48081 1
313 47165 47835 11
95 47320 47502 4
261 47544 48035 10
261 47791 48254 0
178 47681 47978 4
330 47581 48457 15
319 47486 48437 18
53 47864 48125 15
68 48399 48581 20
78 48665 49047 16
338 48608 50289 20
193 49536 50299 3
125 49595 49885 6
123 50073 50359 0
340 50270 50812 14
75 50468 50732 14
188 50591 50801 19
229 50568 51579 13
256 50920 51179 12
390 50911 52844 2
241 50945 51302 10
224 51754 52597 16
55 51823 52023 11
28 51945 52003 11
197 52446 52920 0
229 52614 52865 10
250 52477 53274 17
373 53039 53849 12
208 52946 53524 13
104 53271 53421 20
398 53562 55172 3
190 53746 54257 14
110 53707 54120 16
79 54281 54416 8
119 54204 54548 4
348 54647 56172 18
253 54778 55311 16
275 54635 55148 16
333 54802 56387 5
52 55551 55643 8
277 55593 56446 0
255 55462 56076 20
94 55324 55599 7
315 56006 56897 9
389 55923 56643 5
139 55885 56517 10
278 56654 56973 3
142 56938 57387 1
97 56976 57092 8
165 57433 58223 11
305 57451 57829 2
269 57412 58682 20
190 57275 57517 6
207 58429 59341 11
97 58637 59112 16
153 58649 59054 16
396 59058 60737 0
215 59369 60372 5
23 59296 59401 14
221 59274 59914 2
121 59510 59924 0
49 59500 59636 12
272 59668 60113 9
40 60426 60551 7
208 60617 61264 3
120 60942 61457 8
210 60944 61480 12
352 61492 62239 5
199 61503 61716 19
313 61883 62602 4
348 62008 62498 9
360 62159 63087 8
39 62201 62292 1
193 62553 63390 9
290 62511 63501 0
387 63064 64791 12
240 63103 64165 0
359 63135 64579 1
207 63373 63674 7
338 63951 65166 7
380 64196 64581 15
124 64232 64562 11
253 64518 65244 9
157 64839 65518 14
373 64810 66283 13
341 64987 65453 5
168 65473 66190 2
40 65516 65651 6
393 65626 66837 20
38 65952 66034 17
138 65952 66367 7
369 66403 67058 8
285 66622 67634 1
158 66684 67065 5
170 66678 67473 6
323 66901 67908 9
81 67037 67336 5
370 67544 68562 6
382 67588 69073 14
361 68067 69081 10
291 68083 68537 16
390 67926 69785 13
179 67877 68326 19
34 68340 68434 17
325 68438 69467 12
25 69181 69256 8
36 69665 69766 7
276 69751 70659 3
337 69929 71254 12
147 70020 70360 4
44 70026 70082 9
219 70201 70936 1
79 70224 70319 8
144 70932 71458 6
255 71179 71645 12
280 71116 71670 14
313 71595 72888 16
150 71951 72270 11
183 72047 72587 14
248 71945 72442 0
70 71907 72001 4
109 72383 72670 9
133 72501 72862 17
70 72927 73121 17
308 73446 74253 9
203 73601 74276 17
59 73591 73718 13
225 74068 74762 7
178 73985 74595 6
88 74240 74433 15
93 74677 74821 7
393 74676 76346 8
267 74569 75486 6
183 74856 75236 18
103 75425 75635 8
339 75567 76506 19
274 75523 76801 7
266 75856 77151 17
379 76020 77402 14
157 76606 77369 2
26 76533 76594 9
369 77011 78714 3
90 77102 77335 13
336 77095 78549 9
287 77318 78101 1
229 77768 78268 19
360 77976 78908 14
318 78052 78461 8
206 78415 78932 8
268 78595 78957 18
238 78791 79696 8
198 79001 79951 20
383 78890 79687 1
243 79342 80430 2
276 79657 80988 5
262 79632 80790 6
287 79920 80812 5
31 79816 79922 9
38 80375 80524 2
337 80542 81082 6
188 80334 81190 15
183 80431 80838 3
192 81394 82214 6
170 81340 82111 15
131 81642 81863 18
35 81860 82024 0
165 81869 82269 18
185 81826 82166 4
168 82037 82592 16
391 82609 83508 13
147 82959 83562 16
324 83307 83780 17
192 83335 84067 4
112 83646 83845 16
82 83943 84059 3
387 84179 85805 12
138 84364 84516 1
