300
246 134 467 3
108 37 197 13
278 173 863 4
83 847 1013 11
83 1047 1387 19
176 1051 1489 11
49 1049 1200 1
202 1048 1936 17
180 1726 2188 18
242 1780 2552 19
166 1897 2069 6
118 2101 2417 17
221 2350 2658 4
160 2400 2704 11
257 2536 3198 5
224 2850 3849 12
290 2747 3523 9
201 3086 3343 8
296 3087 3665 6
186 3344 4048 7
107 3490 3716 14
238 3777 4429 17
188 3709 4464 17
142 3927 4154 12
145 3998 4496 9
250 3996 5155 10
224 3911 4312 3
114 4038 4264 14
129 4174 4485 16
55 4316 4408 4
139 4554 4875 20
67 5045 5349 0
55 5191 5418 0
147 5633 6021 14
265 5849 7105 16
154 5945 6439 9
175 5904 6234 10
256 5984 6842 2
236 6168 6722 19
93 6357 6484 11
296 6465 7840 19
220 6290 7027 15
290 6475 7854 4
239 7001 7541 14
117 7069 7223 2
163 7516 8046 10
259 7497 8724 19
124 7748 8038 8
128 8010 8408 6
131 7955 8376 15
201 8129 8669 0
153 8281 8581 0
45 8557 8719 12
106 8644 8991 6
194 8943 9867 16
300 9114 10321 3
104 9205 9686 15
296 9517 10096 4
225 9679 10244 19
273 9855 11211 16
229 9818 10607 2
282 9702 10399 0
201 10342 11223 20
173 10476 10998 6
208 10462 10911 3
82 10549 10657 11
64 10884 11031 9
250 11027 12005 20
292 10887 12155 13
273 11104 12124 18
45 10981 11200 13
294 11549 12499 1
101 11515 11918 14
267 11489 12579 4
160 12170 12495 17
299 12430 12858 17
72 12419 12667 4
150 12584 13041 19
207 12604 13527 7
203 12541 13349 18
240 13225 13939 19
232 13208 14293 7
165 13521 13927 19
252 13476 13839 0
248 13807 14632 15
133 13985 14240 1
111 14058 14282 8
31 14077 14230 17
119 14310 14519 10
41 14255 14453 7
195 14300 14937 11
24 14495 14603 8
114 14722 15282 10
126 14709 15100 19
53 15098 15256 19
23 15508 15569 17
74 15595 15784 15
32 15715 15800 9
172 15684 16048 17
282 16100 16589 4
153 15955 16237 4
56 16456 16574 14
169 16631 16833 0
110 16844 17150 17
145 17039 17535 4
109 17136 17514 5
204 17378 18227 3
118 17532 17827 16
57 17702 17764 8
297 17747 18166 10
33 17725 17838 11
280 17882 19047 15
213 18336 18761 19
273 18341 19380 11
88 18598 18978 16
162 18601 19025 7
275 18867 20214 13
50 18704 18787 9
143 18656 19313 12
213 19477 20422 10
83 19398 19647 9
184 19367 19778 1
63 19507 19619 8
106 19814 20168 12
134 19983 20161 7
143 20191 20433 17
44 20417 20597 13
238 20415 21380 16
274 20361 21191 14
161 20721 21137 4
143 21005 21315 12
127 21065 21620 16
202 21328 21614 4
150 21391 21853 17
242 21763 22959 8
108 21740 22209 20
65 21838 21995 0
184 22112 22337 19
274 22267 22544 17
168 22635 23222 9
86 22722 22840 16
103 23005 23114 20
97 22940 23423 18
175 23282 23558 0
104 23284 23790 17
159 23335 23779 6
48 23597 23702 18
120 23770 23989 4
293 24005 24796 7
67 24141 24282 2
240 24193 25198 6
92 24189 24540 1
211 24177 25068 16
138 24824 24996 11
70 24772 24919 9
75 25153 25352 18
97 25345 25462 2
187 25351 26033 6
70 25505 25696 13
167 25690 26193 9
123 25950 26551 14
287 26192 27141 7
226 26067 26930 18
120 25942 26514 5
32 26608 26659 13
266 26691 27865 13
113 26756 27095 9
26 27145 27176 4
257 27151 27654 20
20 27169 27266 20
41 27365 27513 3
218 27803 28207 3
23 27770 27825 2
55 27769 27829 18
41 28039 28143 14
193 28294 28577 2
66 28584 28784 3
81 28713 28797 13
117 28733 29270 9
57 28925 29105 6
89 29161 29453 13
113 29146 29333 15
242 29138 29423 9
138 29443 29784 19
247 29776 30938 11
186 29841 30069 5
47 29734 29802 11
279 30091 30800 14
207 30383 31206 17
145 30479 30778 12
92 30816 31107 17
46 30837 31005 11
249 30979 31432 18
64 31235 31410 3
152 31246 32003 10
290 31545 32414 8
83 31664 31898 19
115 31950 32355 4
34 32041 32129 13
237 32260 32876 5
195 32184 32704 3
243 32226 32649 13
66 32695 32986 10
275 32790 33321 10
172 32868 33107 7
44 33176 33294 19
227 33138 33444 19
144 33220 33807 6
194 33442 33784 0
188 33873 34247 6
294 34033 34537 4
63 33950 34112 4
190 34267 35083 3
243 34259 34620 8
40 34479 34652 5
166 34476 35199 6
248 34394 35055 20
40 34398 34580 1
246 34491 34987 9
98 34763 35070 15
114 35494 35672 7
248 35741 36935 10
112 35608 36159 13
135 35552 35795 19
103 36187 36466 2
50 36193 36404 2
297 36230 37349 0
161 36390 37020 14
253 36451 37216 8
148 36885 37487 12
101 37170 37567 6
30 37179 37265 18
102 37436 37889 12
211 37658 38414 5
149 37870 38191 17
176 37925 38164 11
227 37833 38825 2
273 38172 39188 8
223 38168 39197 1
216 38457 39509 17
277 38589 38976 17
67 38625 38702 18
80 38692 38896 18
54 38826 38988 10
213 39017 39746 12
129 39249 39653 16
127 39766 39898 11
193 39723 40263 11
189 39673 40199 20
22 40231 40277 7
185 40196 41098 2
42 40414 40458 17
164 40661 41026 10
161 40767 41283 20
79 40718 40976 10
169 41089 41504 14
179 41162 41439 0
254 41211 42409 19
281 41059 41630 0
223 41355 42256 18
252 41769 42431 11
177 41662 42244 14
118 41702 42275 0
187 41898 42670 3
32 41924 42037 12
56 41920 42035 0
82 42841 42960 0
290 42948 43784 16
259 43025 43636 19
141 43039 43668 12
29 43071 43213 15
193 43067 43507 20
128 43378 43640 12
274 43305 44235 12
152 43401 43568 14
270 44245 45578 0
101 44454 44895 5
143 44568 45239 20
33 44577 44651 12
176 44876 45405 10
73 45107 45362 20
54 45114 45216 4
130 45318 45924 13
291 45684 46731 8
46 45635 45726 20
78 45792 45965 10
176 46034 46663 0
233 45999 46357 15
106 45944 46243 9
67 46052 46277 17
181 46585 47163 18
133 46476 46720 7
210 47140 47540 10
89 47030 47139 2
208 47002 47924 14
212 47559 48447 9
60 47807 48020 1
184 47764 48628 12
85 47733 48033 19
35 48147 48253 1
