250
64 31 235 20
119 191 481 18
98 314 507 14
147 387 984 4
73 825 1102 18
228 1019 1651 20
168 1052 1278 14
210 1162 1882 16
63 1214 1524 6
153 1459 1840 2
176 1437 1761 12
131 1500 1928 11
50 1474 1666 0
149 1967 2270 13
233 1896 2579 20
161 2125 2459 0
249 2278 3023 9
185 2635 3001 14
215 2718 3328 15
250 2683 3583 1
38 3062 3169 7
98 3085 3398 18
129 3188 3512 15
22 3170 3193 2
64 3450 3544 2
208 3689 4561 16
143 3605 4136 6
250 3981 4498 6
59 3843 4015 1
240 4077 4556 2
197 3976 4605 0
153 3880 4391 12
161 4452 4952 6
199 4547 5196 13
131 4923 5553 0
161 4955 5627 11
229 4879 5753 9
157 5039 5525 4
242 5133 5508 20
51 5619 5791 15
240 5719 6069 2
115 5734 6125 1
45 5711 5771 8
144 5775 5940 15
143 6287 6628 9
58 6333 6571 17
158 6469 6673 3
250 6445 6821 16
167 6854 7112 0
52 6834 7007 3
135 6974 7628 5
108 7010 7192 11
112 7185 7352 20
246 7310 8388 13
165 7284 7846 4
58 7632 7910 1
121 7777 8065 16
21 7899 7993 1
160 8073 8385 8
55 8200 8262 0
247 8427 8993 8
231 8494 9462 17
137 8576 8806 17
209 8611 9378 17
187 8841 9691 19
228 8884 10019 10
244 8914 9604 10
248 8783 9091 8
46 9200 9260 12
49 9511 9582 19
192 9689 10616 15
131 9818 10457 6
25 9911 10004 17
156 10025 10302 10
126 10272 10523 19
165 10318 10927 11
219 10551 10897 16
206 10555 11071 8
42 10833 10952 13
188 10927 11470 10
218 11030 11928 19
171 11254 11577 19
165 11425 11634 7
216 11437 12303 10
106 11535 11800 0
109 11712 12195 16
210 11947 12496 13
187 11980 12884 19
228 12104 13070 8
156 12113 12509 11
111 12178 12723 12
150 12114 12359 0
108 12341 12803 2
95 12777 12915 1
63 12820 13091 1
106 13146 13611 14
28 13073 13136 16
72 13446 13519 12
66 13594 13911 4
207 13701 14231 0
50 13709 13857 11
245 13674 14617 8
78 14002 14351 8
225 14054 14627 16
50 13957 14086 0
226 14282 14810 5
210 14553 15033 19
244 14459 15470 17
189 14687 15120 18
148 14694 15191 11
29 15031 15155 12
44 15174 15271 15
54 15438 15579 11
21 15418 15478 13
175 15606 16173 6
231 15872 16704 3
91 15954 16367 8
223 16007 16368 12
163 16056 16511 17
115 16351 16852 14
74 16438 16766 9
151 16571 16761 10
117 16635 17082 0
191 16808 17249 13
182 16863 17144 5
200 17102 17808 9
241 17075 18153 3
20 16976 17063 6
45 17021 17104 15
129 17410 17606 20
185 17909 18656 11
241 17851 18610 3
147 17799 18431 11
34 18169 18267 2
40 18426 18576 15
172 18470 19013 5
94 18551 18647 16
247 18671 19570 17
57 18656 18735 5
71 19130 19239 10
70 19195 19325 7
97 19258 19741 1
103 19387 19737 2
184 19550 20323 20
39 19657 19744 6
145 19744 20288 20
82 19844 20155 8
20 20203 20265 20
159 20185 20760 2
176 20421 21133 6
111 20442 20703 9
144 20734 21052 4
148 20811 21130 3
139 20914 21243 12
120 21011 21480 18
183 20944 21377 8
45 21150 21224 16
219 21176 21447 4
196 21237 21659 14
82 21165 21365 6
64 21364 21461 16
127 21630 21868 1
127 21864 22136 5
26 21918 22004 13
175 22500 22752 5
25 22624 22674 2
243 22759 23701 10
168 22815 23132 20
111 22918 23280 17
192 22951 23226 18
31 23064 23190 4
245 23262 23924 10
215 23435 24317 18
72 23480 23801 12
124 23690 24225 4
36 23632 23766 7
213 23826 24327 0
149 24123 24520 4
163 24114 24778 12
237 24174 24527 20
42 24667 24789 6
62 24752 24845 10
43 24886 25041 7
169 24981 25612 10
46 25052 25237 9
27 25225 25325 14
37 25449 25493 9
45 25619 25677 10
85 25604 25980 18
201 25773 26117 8
223 25765 26579 19
125 25843 26251 5
201 25891 26496 19
103 26161 26275 9
214 26391 27340 19
174 26444 26648 7
181 26440 26888 12
187 26420 26920 0
114 26309 26516 19
134 26994 27477 6
105 26978 27162 2
87 27255 27376 13
188 27522 27776 15
137 27675 28130 9
61 27603 27862 15
82 27591 27711 0
168 27582 28208 5
119 27557 28137 13
212 28081 29087 14
207 28260 28668 12
181 28497 28870 4
83 28561 28873 20
63 28605 28760 0
180 28727 29089 5
196 29069 29517 9
134 29276 29786 8
225 29364 29974 4
126 29269 29577 15
30 29286 29365 17
22 29590 29668 10
199 29564 30303 20
177 30187 30527 18
243 30294 30961 17
102 30358 30590 12
23 30536 30568 18
188 30714 31297 9
185 30817 31368 14
45 31015 31069 1
177 31009 31612 4
37 31022 31100 11
72 31263 31431 4
203 31367 31750 4
242 31682 32238 20
144 31793 32480 18
211 31955 32673 5
246 32014 32280 14
111 32120 32664 13
56 32308 32366 1
61 32484 32649 11
84 32430 32817 4
89 32480 32781 11
171 32444 33028 19
145 32911 33479 0
164 33096 33349 10
86 33291 33508 16
93 33268 33622 12
107 33272 33448 17
216 33617 34396 10
70 33641 33950 4
241 33850 34094 6
