50
24 20 97 8
28 107 155 17
37 117 224 1
25 176 239 18
20 196 257 5
20 240 293 13
44 272 449 12
30 320 457 0
48 341 538 2
28 315 453 6
47 394 579 4
22 392 491 17
50 423 608 6
43 436 642 11
44 429 634 5
23 427 505 2
22 523 578 4
48 594 750 4
28 601 676 3
38 659 697 15
23 719 774 6
40 755 894 13
31 746 862 12
41 765 958 17
31 880 971 15
39 926 1034 4
24 904 1011 19
44 980 1148 18
29 996 1038 9
40 1050 1090 15
41 1032 1170 7
43 1070 1227 4
22 1187 1275 7
34 1199 1268 18
39 1218 1362 19
24 1293 1362 4
38 1309 1392 19
34 1300 1415 6
27 1380 1484 0
41 1405 1511 10
41 1422 1476 15
39 1435 1535 0
25 1441 1473 19
23 1460 1553 7
44 1615 1686 17
30 1650 1789 0
31 1669 1807 19
43 1671 1821 10
48 1748 1827 19
31 1730 1884 17
