150
136 80 524 16
105 211 382 10
131 368 903 2
53 393 583 0
80 355 567 6
118 534 930 7
101 621 832 9
63 638 808 12
135 650 805 19
62 676 861 11
41 920 970 10
55 996 1060 6
131 1166 1490 16
58 1259 1390 11
69 1281 1389 2
99 1332 1551 2
43 1349 1541 7
59 1579 1670 15
78 1744 2099 13
27 1783 1880 18
71 1786 2093 2
43 1959 2040 19
126 1998 2293 7
119 2069 2403 18
56 2172 2229 6
98 2181 2604 7
136 2416 2794 11
69 2452 2569 13
116 2493 2993 20
85 2536 2904 19
135 2539 2768 0
24 2727 2774 18
98 2931 3174 13
34 2874 3039 8
119 2910 3340 12
78 2934 3072 3
42 3110 3253 10
122 3280 3476 11
79 3266 3588 4
139 3397 4042 0
127 3510 3792 5
108 3670 3916 9
108 3661 4149 16
45 3694 3841 14
27 3753 3876 3
129 3803 3973 7
46 3793 3931 7
129 3981 4554 5
27 4188 4238 12
65 4249 4527 19
98 4266 4519 8
117 4367 4490 11
28 4621 4748 0
46 4639 4727 17
148 4769 5445 20
129 4713 5177 13
44 4844 5051 1
59 4982 5160 1
38 5075 5197 7
81 5098 5281 6
105 5115 5526 8
47 5217 5271 18
46 5463 5598 7
35 5499 5561 4
86 5493 5676 17
28 5658 5758 9
93 5812 5926 8
104 5908 6207 19
68 5843 6102 0
89 5900 6225 13
51 5933 5994 10
106 6076 6305 14
42 6338 6479 4
123 6412 6594 13
119 6414 6720 3
114 6539 6662 14
37 6643 6826 19
43 6757 6809 9
70 6745 6882 10
37 6910 7021 15
41 7014 7067 0
69 7069 7281 10
63 7104 7389 5
82 7128 7401 9
121 7345 7808 9
32 7315 7372 20
146 7329 7940 6
103 7419 7847 20
63 7668 7907 1
99 7782 8204 12
132 7790 8259 4
71 7959 8304 3
123 8001 8154 20
141 7956 8370 2
24 8005 8094 13
129 7982 8627 6
82 8043 8344 4
76 8063 8403 13
44 8242 8411 6
77 8566 8823 10
23 8619 8676 10
96 8689 8878 12
146 8820 9110 5
135 8795 9123 10
77 8765 9045 3
129 8961 9495 7
147 9127 9816 0
51 9230 9385 8
47 9240 9387 2
113 9226 9636 2
128 9470 10037 1
150 9549 10163 20
119 9560 10044 15
133 9803 9956 5
88 9874 10076 7
103 9921 10291 13
66 10060 10250 17
108 10106 10404 1
97 10151 10249 14
58 10113 10185 4
50 10113 10338 14
76 10164 10284 8
134 10355 10975 7
63 10612 10878 16
81 10595 10901 13
126 10604 10858 15
32 10623 10780 11
117 10922 11337 15
128 11038 11506 1
61 11148 11365 10
134 11211 11661 6
128 11259 11739 19
95 11277 11660 17
139 11216 11826 19
47 11321 11479 5
44 11631 11829 20
20 11594 11616 18
44 11576 11773 19
128 11862 12414 9
20 11867 11956 17
149 11961 12454 20
134 11941 12190 20
38 12089 12264 5
90 12091 12423 16
118 12066 12595 9
38 12368 12510 0
134 12437 12705 13
107 12515 12929 14
134 12569 12740 6
149 12802 13030 5
