100
47 77 274 8
81 207 603 4
66 200 271 20
41 255 404 17
54 376 570 12
33 382 543 11
54 409 534 12
97 399 644 9
73 621 813 1
61 613 744 17
90 637 800 15
31 624 659 13
37 813 882 14
37 900 1060 18
44 938 1122 0
37 939 1062 3
48 916 1004 17
88 1091 1473 6
65 1092 1173 14
98 1244 1562 9
91 1216 1623 10
27 1262 1310 16
73 1428 1509 17
92 1460 1678 5
99 1556 1755 19
21 1581 1677 11
100 1671 1802 9
58 1742 1868 19
42 1812 1886 15
41 1825 1984 5
89 1849 2241 8
51 1993 2052 12
25 1976 2003 0
73 1994 2349 6
22 2093 2122 17
56 2183 2337 17
64 2282 2416 17
22 2365 2411 19
63 2382 2453 11
22 2406 2475 12
55 2528 2651 12
50 2540 2666 17
75 2670 2940 12
57 2704 2833 11
30 2684 2720 18
29 2767 2833 15
81 2742 3146 5
51 2698 2858 13
64 2770 2890 16
35 3035 3073 16
33 3067 3187 15
34 3080 3142 18
43 3122 3181 19
83 3311 3639 13
41 3342 3466 1
86 3388 3482 20
62 3491 3638 6
46 3468 3589 18
68 3501 3774 10
21 3611 3696 12
78 3722 3802 20
76 3690 3777 18
49 3664 3831 0
71 3810 3916 11
94 3812 3982 14
85 3780 3924 13
69 3895 4135 2
23 4162 4259 0
37 4193 4355 9
71 4232 4521 10
63 4203 4452 1
28 4379 4458 0
90 4393 4749 8
32 4427 4587 7
96 4427 4526 17
71 4423 4497 4
56 4498 4579 13
45 4535 4603 9
47 4722 4805 8
29 4869 4981 9
23 4948 4994 5
76 4990 5262 20
24 4955 5068 1
24 5028 5055 19
38 5132 5267 6
64 5164 5476 8
66 5172 5434 8
69 5282 5356 9
65 5321 5464 4
70 5424 5701 9
40 5512 5596 17
87 5548 5727 7
73 5664 5883 17
41 5722 5893 11
26 5737 5836 13
66 5794 5880 14
86 5779 5913 9
61 5964 6048 12
27 5930 5991 6
25 5974 6053 3
