200
126 36 402 11
130 310 699 10
134 345 864 0
50 548 656 10
116 690 986 6
126 802 1427 14
88 787 1079 16
196 984 1554 15
141 877 1233 18
189 1041 1868 8
155 1238 1811 18
28 1165 1266 4
120 1289 1607 8
169 1644 1953 15
183 1795 2204 2
46 1829 1909 0
148 1873 2050 9
123 1939 2276 2
67 2187 2330 4
197 2330 3274 5
166 2308 2823 11
44 2506 2630 1
76 2650 2859 12
106 2649 2853 18
103 2657 2936 18
120 2950 3188 17
44 3112 3265 19
58 3189 3386 10
75 3354 3630 7
44 3472 3673 9
46 3477 3641 1
140 3653 4249 5
132 3595 4018 7
23 3676 3735 0
73 3900 3993 6
175 4108 4648 16
146 4204 4621 1
60 4211 4481 3
142 4425 4595 14
84 4356 4578 14
99 4577 4930 1
188 4642 4851 14
20 4729 4803 8
30 4724 4835 5
120 4858 5443 6
109 4918 5295 3
94 5126 5564 7
56 5262 5486 7
89 5446 5682 0
199 5467 5976 4
177 5556 6223 5
150 5603 6201 9
140 5880 6328 6
172 6095 6557 1
102 6017 6423 16
182 6013 6457 3
188 6337 6620 11
53 6412 6592 15
183 6375 6715 9
115 6504 6966 0
143 6695 6916 11
104 6890 7339 14
186 7030 7848 14
47 6939 7142 5
103 7216 7499 15
183 7263 8120 2
121 7407 7940 12
161 7555 8186 16
31 7714 7764 11
143 7798 8075 5
53 7938 8007 17
36 8028 8101 18
175 8014 8451 16
191 8180 8679 1
125 8252 8524 1
57 8470 8713 0
182 8525 9428 13
93 8686 8980 11
92 8679 8990 12
115 8947 9431 5
177 8880 9583 19
123 8823 9430 18
150 8910 9209 0
178 9007 9377 17
84 9307 9413 8
28 9526 9622 0
139 9585 10134 14
25 9722 9792 1
185 9843 10362 13
88 9946 10099 12
81 9945 10299 14
156 10026 10629 18
180 10389 11023 17
189 10469 11316 9
184 10508 11122 15
93 10722 10974 17
151 10849 11548 3
160 10891 11183 3
105 11020 11327 20
151 11123 11538 20
95 11251 11448 11
128 11364 11541 5
45 11357 11504 11
119 11411 11697 9
45 11385 11520 20
184 11551 12121 10
91 11590 11835 12
88 11547 11694 15
139 12105 12340 5
123 12028 12346 13
59 12131 12362 6
128 12222 12528 6
166 12356 13122 15
47 12409 12461 20
36 12486 12628 1
76 12841 13001 7
160 12911 13567 9
153 13096 13719 8
39 13279 13461 14
156 13323 14046 17
130 13288 13787 7
136 13564 14118 19
164 13655 14007 14
78 13593 13967 0
37 13824 13868 11
199 13926 14788 12
87 13946 14345 11
86 14115 14268 17
26 14324 14360 6
116 14372 14576 20
53 14450 14566 1
72 14550 14798 4
58 14787 14917 13
137 14817 15197 8
95 14874 15149 5
182 14985 15660 7
134 14944 15142 6
176 15097 15558 18
108 15187 15568 1
195 15434 15838 20
151 15388 15704 16
38 15671 15712 7
67 15840 16016 14
100 15984 16311 2
130 16073 16255 9
28 16164 16204 1
140 16312 16516 20
92 16367 16524 5
44 16567 16665 6
28 16621 16735 13
57 16591 16820 18
82 16616 16898 1
184 16705 17203 8
166 16956 17702 17
120 16869 17282 6
169 17079 17737 5
54 17355 17513 8
28 17403 17493 12
175 17606 18218 6
30 17596 17684 7
183 17638 17973 0
136 17821 18220 15
95 18090 18459 19
83 18036 18428 2
69 18166 18381 13
162 18131 18380 14
148 18402 18700 16
63 18572 18745 7
87 18720 19082 1
187 18882 19669 2
76 18993 19316 5
117 18949 19252 19
36 19146 19245 15
167 19319 19496 5
166 19411 20023 13
164 19340 19509 1
132 19656 19997 18
117 19651 20005 13
132 19870 20501 0
126 19802 20038 1
180 19943 20299 16
160 19886 20278 7
70 20316 20567 9
189 20296 21001 0
152 20289 20689 10
78 20303 20588 9
181 20616 20830 2
21 20609 20690 9
48 20806 20866 3
200 20948 21260 12
27 21102 21197 11
162 21207 21378 0
61 21108 21235 8
48 21093 21223 12
47 21486 21685 2
43 21521 21601 19
155 21495 22139 14
103 21744 22092 9
173 21704 22244 9
28 21670 21806 19
