500
455 16 1955 11
333 159 1486 2
453 294 1617 11
244 653 1436 14
338 1214 1963 14
119 1437 1640 19
455 1456 2719 5
342 1961 2879 0
246 2188 2519 8
341 2719 3499 17
403 2882 3723 18
352 3433 4959 19
393 3235 4692 6
86 3668 3823 7
433 3788 4947 14
176 3720 3934 10
442 3870 5160 15
185 3848 4669 8
226 4849 5626 6
373 4961 6340 18
498 4975 5988 10
335 5476 6574 13
160 6029 6502 7
225 6505 7321 20
195 6478 6732 11
351 6371 7475 3
133 6341 6921 2
146 6349 6728 13
257 7320 8334 6
439 7329 9063 8
418 7366 8408 19
445 7445 9145 3
146 9001 9459 17
212 9228 9482 9
334 9112 9457 10
310 9603 10896 15
101 9523 9886 11
241 9695 10488 8
298 9855 10534 12
272 10156 10749 1
29 10851 10954 9
146 11314 11812 20
205 11465 12049 13
276 11656 12568 3
24 11762 11788 9
422 11943 12970 2
392 12625 13672 8
246 12690 13283 12
487 12734 13561 3
191 13385 14175 6
475 13645 15581 16
408 13975 15656 7
55 13909 14075 7
69 13832 14177 5
271 14478 15001 4
111 14826 15002 13
279 15094 15627 14
365 15558 16628 10
161 15553 16043 19
150 15785 16500 5
193 16240 16443 7
83 16294 16597 9
63 16219 16453 4
214 16271 17061 13
464 17126 17964 20
136 17013 17379 11
219 16902 17482 9
495 17670 19047 12
455 18083 20199 20
281 18155 18891 8
452 18285 18749 11
98 18897 19081 14
98 19468 19951 17
466 19401 20346 2
276 19706 20655 0
296 20029 20370 5
105 20126 20583 5
106 20296 20508 15
389 20836 21305 10
407 20824 22749 11
359 20616 21740 8
126 21413 21969 6
361 21558 23006 16
32 21339 21494 13
284 22392 23441 20
214 22759 23371 3
449 23032 23747 7
308 22830 23670 10
194 23127 23767 18
64 23522 23757 15
362 24054 25239 10
170 24374 24676 16
266 24351 24759 15
497 24764 25585 5
111 24635 24854 3
465 24713 25704 11
340 25232 26170 12
315 25573 27009 18
342 25722 27411 11
332 25729 26246 9
96 25992 26179 10
96 26689 27012 7
445 26765 27854 16
464 26816 27428 1
489 27401 29803 6
320 27748 29109 3
58 28250 28500 13
317 28481 28936 1
487 28682 30260 9
145 28607 29016 15
215 29165 29850 11
345 29256 30015 14
111 29330 29755 10
399 29566 30843 14
424 29599 30060 13
206 30127 30740 0
23 30869 30924 7
475 31119 32051 20
220 30953 31723 5
424 31515 33002 10
408 31764 32727 7
48 31906 32068 6
486 32398 33652 18
423 32531 33560 7
320 32909 34188 9
495 33161 33690 11
108 32964 33109 11
191 33754 34077 13
20 33788 33860 14
332 33741 34106 17
321 34008 35320 13
104 34349 34583 18
175 34656 35279 13
223 35118 36114 18
183 35262 35757 5
238 35605 35881 17
321 35488 36209 10
187 36043 36929 20
82 36040 36333 3
425 36528 37181 17
339 36688 37172 9
53 36720 36965 10
451 36670 38655 10
500 36949 37720 16
375 37184 38599 9
291 38439 39815 1
190 38683 39502 10
208 38690 38993 2
258 38549 39391 17
146 38542 39039 20
429 39572 41567 6
447 39627 41423 10
185 39724 40168 13
333 39690 40029 0
227 40410 40798 9
424 40777 42845 5
497 40639 41136 20
416 41404 43191 19
382 41541 42113 18
318 41403 42847 3
453 41736 42935 13
53 41931 42195 7
144 42003 42570 19
47 42668 42850 2
452 42855 44072 11
281 42824 43872 15
230 43730 44351 12
409 44080 45078 1
263 44102 44871 16
454 44067 45851 4
330 43852 44627 15
302 44658 45328 19
67 44760 45022 3
349 44834 46408 6
491 45707 47203 13
448 45947 47546 16
311 45758 46929 8
198 46761 47207 17
161 46963 47546 13
156 46865 47584 2
289 46935 48308 16
75 46938 47193 3
435 47154 49128 19
248 48287 48867 1
401 48467 49745 7
148 48699 49284 16
234 48832 49321 13
493 48875 50214 6
369 48763 50230 8
382 49488 50798 5
187 49981 50669 20
170 50308 50562 13
452 50367 51888 5
223 50294 51289 12
309 50489 51651 5
103 51222 51737 11
142 51353 51577 6
413 51550 52411 16
387 51408 52779 12
496 52098 53605 6
419 52721 53769 19
361 52582 54309 17
199 52645 53002 2
74 52935 53094 17
284 53463 54147 11
269 53951 55146 8
466 54204 55967 1
446 54269 54859 2
28 54460 54536 8
250 54652 55474 6
72 54792 55122 1
40 55235 55399 12
240 55433 55994 8
163 55380 55943 1
201 56386 56671 9
70 56396 56673 12
435 56709 57640 1
156 57042 57537 16
460 57424 58421 9
376 57243 58577 14
313 57463 58784 18
107 57946 58185 20
180 58199 59049 20
437 58090 59994 8
147 58249 58888 8
382 58347 59597 16
451 58148 59332 5
49 59736 59906 7
341 60012 61561 20
325 60151 60776 6
209 60169 60836 3
249 60156 61150 3
261 60657 61531 12
149 61053 61361 7
252 61079 61693 14
481 61343 62452 16
289 61959 62363 11
103 62195 62343 6
191 62451 63387 15
418 62573 63769 19
368 62654 63297 15
364 62848 63948 18
195 63228 63756 0
357 63410 64865 8
446 63511 64121 0
384 63976 65262 3
149 64614 64908 11
27 64866 64954 18
347 65149 66649 2
194 65151 65675 3
271 65577 65953 5
170 65529 66264 18
143 65693 65989 20
113 65724 66188 16
453 66745 67631 2
370 66980 68652 10
41 67004 67179 18
350 67104 67761 16
357 67152 68917 19
193 66931 67633 6
122 67908 68432 8
393 67877 69387 5
116 68790 68917 9
456 69064 70012 5
208 69378 70117 5
51 69317 69370 13
90 69564 69865 16
173 69659 70109 2
250 69734 70382 16
319 70550 71245 1
107 70603 70737 5
359 70717 71966 10
144 71187 71407 15
412 71551 72361 10
388 71604 72326 0
328 71927 73104 1
193 72364 73097 4
54 72661 72718 10
276 73024 73664 11
214 73152 73446 16
338 73406 75043 12
271 73599 74493 2
25 73900 73950 16
77 74088 74289 11
489 74437 75390 12
441 74307 76388 10
221 74888 75793 10
238 75028 75856 10
221 75594 76058 10
447 75890 77041 16
373 75776 76931 15
290 75972 77156 0
388 75822 77161 3
288 76402 77825 11
29 76595 76688 15
290 77411 78368 18
430 77354 77928 8
364 77793 79323 16
214 78023 78294 4
500 78461 79173 6
74 78189 78511 19
281 78758 79765 1
67 78705 78994 3
96 78857 79047 7
78 79479 79843 19
80 79732 79949 1
95 80143 80334 19
114 80370 80757 5
479 80493 81899 12
166 80402 81077 14
20 81270 81345 16
117 81409 81574 5
271 81647 82257 19
55 81676 81830 17
37 82151 82308 7
138 82383 82914 16
115 82324 82507 3
44 82360 82457 9
481 82469 84716 16
462 82240 84206 12
277 82597 83078 13
260 82738 83225 17
66 83243 83468 4
500 83312 84432 18
360 84698 85217 11
254 85066 86125 13
153 84987 85730 17
286 85765 86200 5
475 85758 87164 4
129 85729 86076 5
426 86361 87625 15
328 86809 87346 12
384 86837 88480 17
272 86746 88091 3
35 87146 87191 17
428 87394 87904 8
489 87401 89354 6
194 87593 88330 5
89 87947 88384 2
48 87854 87964 20
403 88487 90189 10
444 88294 89096 11
20 88172 88193 17
55 88483 88746 5
138 88729 88892 12
297 90346 91453 17
418 90419 91788 3
104 90591 90886 14
230 90996 92084 1
80 90834 90966 4
69 90815 91058 20
177 90897 91368 4
234 90905 91983 11
340 91112 91860 15
182 92106 92594 19
403 92278 94212 18
327 92493 93862 20
113 93384 93716 4
467 93468 95284 9
478 93852 95246 13
49 93776 93990 18
121 94470 94646 6
320 94436 95629 5
424 94921 96725 0
175 94884 95749 2
69 94903 95152 20
187 95524 95915 9
486 95806 98122 19
277 96223 96868 18
336 96440 97784 20
130 96834 97145 6
78 96735 97001 14
350 96666 97362 10
187 97473 98294 11
255 97332 98285 7
328 97480 98848 20
369 98211 99492 13
57 98067 98280 7
64 98577 98876 2
370 98929 99902 6
492 99414 101586 11
483 99214 100968 19
485 99039 100711 2
168 99877 100567 10
181 100390 100638 12
192 100646 101442 16
299 100654 101394 8
132 101252 101664 2
387 101154 102535 12
288 101246 101791 14
330 102033 103658 18
238 102225 102842 9
356 102328 102919 13
60 102308 102511 8
361 102345 103289 19
377 102114 102915 17
315 102956 104531 9
424 102824 104039 17
256 103818 104179 20
127 103908 104072 18
309 103952 105489 4
51 104658 104856 5
304 104945 105284 1
358 104791 105620 17
342 105259 106822 16
28 105494 105539 14
67 106263 106559 0
104 106283 106795 17
420 106392 107652 11
315 107011 108521 3
204 107132 108103 12
477 107479 108325 18
426 107467 108839 9
81 107291 107529 16
429 107686 108278 16
234 108296 109109 11
491 108353 110147 6
152 108514 108944 14
418 108891 110387 16
341 108715 110309 7
26 108743 108769 2
35 108880 108996 8
155 110233 110879 13
235 110586 111004 8
449 110739 111576 7
466 110650 111754 10
454 110879 111361 3
398 111213 112977 13
281 111417 111770 8
492 111830 112775 7
365 111640 112141 15
26 111471 111567 10
305 112332 113591 9
432 112260 113590 20
66 112378 112621 18
95 112665 112809 12
291 112863 113747 10
433 113550 115469 14
168 114159 114747 9
271 114220 115244 10
149 114614 114899 7
485 114869 116031 2
55 114778 115044 5
415 115269 116427 4
498 115532 116116 18
488 115886 117109 10
360 116642 117638 7
163 116916 117235 8
480 117113 119212 17
404 117342 118634 9
199 117553 117907 15
152 117602 118157 19
40 117687 117883 1
215 118361 118698 0
406 118204 119405 3
213 118306 118810 9
354 118920 120043 16
333 119354 120954 15
246 119491 120065 18
229 119559 120700 16
253 119885 120254 19
392 120440 122046 11
280 120331 120734 18
400 120662 121332 5
404 120682 122645 7
107 120978 121228 3
258 121659 122481 3
459 121941 122842 14
240 121691 122335 11
238 121550 121975 1
217 122928 123181 17
187 122882 123328 7
371 122758 123900 18
356 122993 124704 15
288 123133 124499 18
302 124204 125639 9
308 124359 125648 12
242 124337 124961 19
322 124985 125437 8
258 124804 125684 1
378 124727 126150 7
422 125555 126418 0
122 126056 126352 11
305 126020 127203 4
241 126454 127614 11
134 126443 127080 10
177 126366 127004 16
129 126730 126961 17
276 126873 128247 4
450 127289 129065 2
459 128094 129166 14
465 128395 130327 10
349 128608 129815 12
152 128605 128766 14
246 128771 129265 14
391 128768 129758 0
264 129515 130336 19
298 129491 129921 3
369 129643 130166 19
274 129648 130858 3
