350
292 289 1261 3
224 177 600 0
336 470 1667 7
311 295 713 9
191 444 1069 5
242 1376 2052 9
194 1487 1959 20
91 1366 1690 8
102 1569 1847 14
256 2146 2649 0
102 2061 2504 16
183 2112 2692 20
313 2310 3436 12
87 2594 2827 17
193 2983 3731 18
165 3182 3484 10
48 3173 3364 6
141 3611 4018 7
313 3665 4980 4
294 3614 4325 20
32 3701 3783 9
202 4076 4420 11
298 4564 5382 7
122 4770 5379 4
122 4841 5035 11
59 4795 5000 4
160 4894 5228 13
108 5316 5800 18
131 5698 5934 10
263 5737 6153 1
338 5964 6615 18
127 5972 6439 13
319 6051 6432 8
196 6626 6831 7
86 6659 6778 19
61 6714 6983 16
218 6883 7477 16
165 7274 7874 17
234 7454 8537 20
277 7711 8557 11
319 7650 8194 5
35 7694 7797 1
100 8094 8364 2
224 8064 8777 8
324 8611 10041 0
100 8417 8896 0
225 8973 9521 5
340 8997 9872 17
88 8974 9393 13
300 9463 10620 1
72 9335 9454 19
121 9268 9466 9
96 9635 9807 17
309 9910 10560 16
332 9757 10890 2
240 10365 10928 14
41 10407 10546 1
69 10816 11157 20
88 10873 11008 6
184 11086 11748 14
327 11034 12377 16
228 11705 12139 14
284 11706 12103 9
167 12111 12670 3
331 12141 13429 13
284 12402 12765 2
23 12356 12463 5
116 12578 13026 0
254 12881 14113 19
230 12843 13962 4
133 12874 13288 19
203 12910 13524 2
210 12811 13220 3
104 13885 14399 17
65 13887 14188 12
118 14296 14801 4
173 14547 15141 16
148 14545 15169 9
150 14757 15255 17
94 14780 15082 12
46 14802 14930 13
343 15368 15714 14
74 15475 15700 1
235 15785 16240 17
276 15633 16728 19
123 16155 16512 6
77 16090 16197 18
92 16590 16799 2
146 16698 17205 3
291 16782 17451 10
201 16674 16996 13
289 16861 17411 6
232 17101 17359 9
42 17334 17419 7
237 17466 18647 10
179 17760 18544 8
349 18158 19191 4
157 18411 18697 12
151 18365 18898 14
272 18405 19261 10
347 18799 19706 20
30 18646 18749 14
118 18621 18932 18
339 18615 19369 6
268 19157 19579 14
50 19915 20156 0
317 19966 21375 20
96 19956 20382 15
309 20019 20530 12
310 20415 21710 15
117 20398 20748 9
318 20869 21662 17
330 20743 21728 4
165 20948 21557 5
44 21204 21317 14
103 21356 21465 10
175 21561 22229 10
280 21661 22814 3
348 22085 22532 2
344 22437 23730 9
79 22242 22625 8
208 22339 22675 20
127 22593 23189 11
177 22979 23736 17
292 23422 24823 8
192 23640 24008 14
285 23671 24763 12
280 23761 24649 1
144 24198 24700 5
136 24311 24894 13
118 24236 24475 3
128 24714 25097 14
319 24649 25300 4
338 24678 26208 5
305 25089 26298 0
72 25062 25268 2
300 25215 25600 17
185 25685 25914 7
349 25929 26498 5
57 26009 26105 11
307 25986 27093 18
196 26169 26873 14
220 26238 27000 0
120 26800 27298 4
61 27018 27252 19
207 27324 28324 4
138 27283 27938 6
277 27221 27923 13
245 27841 28143 5
122 27746 28005 8
92 28191 28414 2
45 28316 28459 3
248 28610 29048 12
102 28685 29057 20
306 28768 29408 14
35 28725 28866 9
119 28677 28980 11
325 29173 30693 17
286 29085 30420 1
289 29853 30229 17
220 29762 30597 1
263 30225 31196 18
147 30341 30858 16
177 30358 30648 16
309 30309 31322 5
295 30885 32359 11
58 30904 31090 18
245 31113 31362 13
236 31311 32384 9
280 31601 31913 13
58 31710 31825 14
133 31657 31847 5
180 32128 32569 4
193 32493 33375 2
172 32419 32945 13
247 32372 32650 0
303 32972 33718 2
330 33259 34278 5
134 33384 33949 11
33 33360 33406 11
30 33739 33836 9
62 33896 34191 4
252 34186 34633 4
22 34187 34231 5
303 34300 35103 18
44 34367 34581 7
252 34654 35553 11
339 35099 35594 10
170 35260 36108 16
193 35154 36080 15
118 35110 35301 12
40 35657 35724 1
88 35922 36170 5
182 36159 36729 1
141 36088 36479 6
174 36467 36704 5
93 36781 36937 6
325 36922 37452 14
311 36756 37897 4
88 37107 37351 14
90 37373 37659 8
344 37477 38279 2
324 37864 38923 9
135 37953 38596 19
30 37850 37919 0
284 38221 39521 9
23 38088 38187 18
134 38153 38705 12
130 38771 39404 0
246 39113 40090 10
136 39067 39384 11
289 39190 39856 1
86 39154 39475 6
37 39195 39319 12
313 39281 39953 4
172 40260 40594 2
342 40219 40776 2
259 40472 41716 15
300 40690 41989 19
45 40955 41011 6
211 41129 41680 8
279 41159 42507 12
272 41119 42477 15
287 41543 42847 15
233 41847 42806 2
326 41737 43350 10
133 41834 42428 5
107 41879 42332 18
33 42422 42542 1
119 42404 42712 5
302 42621 43426 17
231 42911 43914 7
186 43257 43822 0
248 43496 44072 15
187 43556 43972 16
151 43823 44238 16
104 43850 44329 8
288 44249 44609 0
313 44471 46029 14
135 44700 45337 7
234 44662 45172 16
232 45047 46130 18
265 44917 45701 0
271 45477 45952 3
255 45493 46144 7
213 45649 45907 5
313 46019 47500 1
63 45965 46133 11
263 46285 47197 8
114 46562 47109 13
335 46568 47073 13
284 46794 47423 9
195 46698 47430 15
295 46775 47119 19
112 47209 47676 6
162 47215 47562 2
289 47492 48041 3
54 47711 47948 6
213 48022 48619 7
140 48246 48937 4
339 48420 49537 10
170 48785 49551 2
169 48955 49620 3
70 48858 49108 17
117 49141 49702 6
125 49523 49802 16
117 49611 49733 19
49 49545 49610 18
154 49542 50258 15
178 49572 50214 14
185 50452 51306 7
320 50642 52165 6
65 50640 50769 12
269 50634 50956 1
193 50953 51232 12
258 51162 52155 5
101 51055 51170 10
224 51063 52054 1
43 51682 51759 4
322 52000 52468 11
349 51912 52776 4
169 51941 52635 9
195 52659 53132 14
28 52677 52708 9
27 52684 52741 12
99 52746 52931 9
56 53255 53346 16
308 53369 54323 10
23 53318 53413 20
117 53903 54255 1
50 54014 54154 8
34 54237 54380 10
301 54275 55588 18
199 54660 55486 8
257 54668 55172 2
117 54949 55332 10
328 55086 55768 14
42 54971 55132 6
212 55077 55883 20
293 55286 56663 8
191 55675 56101 15
144 55671 56208 8
302 56199 56617 18
224 56255 56803 16
246 56119 56510 9
38 56122 56195 6
346 56155 57650 0
169 56644 57136 14
271 56945 57847 8
326 57154 58126 0
266 57781 58493 10
179 57890 58326 2
231 57774 58065 6
260 58134 59285 20
278 58002 59293 2
134 57998 58650 17
334 58914 60552 2
132 58745 59088 4
158 59306 59840 8
135 59360 59673 18
285 59539 60280 17
321 59378 60435 12
131 59865 60429 17
250 59909 60405 5
312 60365 61723 9
217 60438 60688 18
323 60526 61274 16
216 61004 61346 10
335 61064 62474 8
295 60886 61492 4
348 61472 62277 19
338 61543 62600 16
256 61798 62696 15
198 62073 62521 17
140 62257 62817 1
25 62175 62246 7
341 62343 63680 13
138 62788 63193 5
39 62853 63002 5
257 63232 64494 15
192 63073 63516 7
334 63326 64386 5
139 63446 64071 16
266 63839 64466 11
67 63734 64012 16
168 63952 64695 9
328 63922 65530 16
138 64230 64370 10
240 64863 65749 18
114 64902 65038 17
