450
374 122 908 6
212 96 474 19
297 733 2130 19
30 993 1111 14
393 1112 2359 20
79 1248 1497 13
283 1333 1674 15
443 1694 2237 13
362 2034 3411 1
362 1813 2849 0
395 2798 4489 17
363 2672 3814 18
426 2964 4392 15
438 3300 4202 6
46 3910 4094 19
299 3869 4787 3
128 3981 4514 17
258 4519 5687 6
79 4376 4615 2
132 4865 5171 3
402 4777 5978 3
253 4808 5486 16
248 5119 5489 11
37 5761 5802 13
116 5992 6219 19
210 6469 7029 10
163 6342 6867 19
47 6828 6998 20
326 6926 7659 6
380 7379 8330 4
57 7604 7761 16
219 7866 8444 20
231 7885 9026 7
344 8110 9386 0
334 8452 9507 8
408 8506 10310 20
133 9133 9521 16
139 9212 9616 8
400 9103 10559 1
111 8910 9287 3
429 9936 11734 4
290 10091 11110 5
339 10481 11805 13
124 10389 10954 11
413 10979 11933 4
365 10740 11786 2
101 10685 11080 3
418 11317 11949 16
135 11469 11887 1
109 12016 12482 11
246 12172 12436 14
376 12144 13386 3
133 12711 13169 16
301 13018 14064 0
272 13167 14365 20
189 13039 13636 16
55 13668 13839 17
209 13664 14541 15
350 14124 15754 11
276 14280 15423 3
86 14468 14613 6
414 14522 15764 7
94 14698 15122 20
381 15382 16062 14
89 15514 15929 11
446 15761 17856 10
268 15802 16078 0
388 16390 18300 14
375 16626 17936 7
379 16645 17318 20
176 16904 17209 13
29 16787 16827 2
27 17368 17405 14
131 17661 17887 10
135 17832 18358 4
246 18079 18402 12
135 18480 19090 18
417 18428 19737 3
51 18585 18653 9
213 18641 19201 1
22 18825 18862 14
404 19325 21046 4
438 19874 20551 12
353 20020 20541 13
393 20332 22215 0
426 20370 22224 12
91 20170 20403 9
290 20766 22061 11
143 21339 21911 14
337 21227 21927 13
258 21753 22626 4
120 21983 22513 7
45 22035 22101 20
223 22150 22952 19
35 22758 22914 8
264 22839 23731 2
33 23188 23333 7
125 23420 23978 15
283 23671 24962 14
68 23584 23915 5
284 23661 25018 5
277 24342 25076 14
229 24411 25363 4
166 24879 25236 15
210 25095 25886 1
274 25231 25636 3
56 25094 25266 10
89 25650 25921 8
99 25678 26147 17
265 25696 26255 18
435 25627 27530 20
208 25980 26897 4
116 26072 26446 15
310 26799 27578 9
212 27016 28020 13
288 27101 28313 4
331 27083 28116 6
316 27135 27859 17
366 27918 28554 11
424 27997 29837 8
90 28493 28616 20
89 28627 28989 20
190 28975 29810 2
89 28968 29326 6
337 29719 30057 19
247 29970 31094 8
397 29978 31807 11
181 30126 30363 12
264 30605 31266 20
188 30796 31366 17
194 30694 31635 6
131 31252 31416 3
441 31158 32512 4
182 31296 31827 1
39 32150 32275 5
151 32193 32541 5
267 32617 32922 16
152 32852 33589 1
445 32805 34643 5
386 32868 33456 13
80 32890 33110 12
93 32856 32967 16
58 33941 34156 20
440 33874 34729 7
258 34418 35090 11
203 34404 34635 3
439 34619 36484 0
214 35094 35721 9
94 35338 35437 4
409 35455 37192 16
85 35854 35953 18
383 36001 36939 10
409 36219 36730 10
83 36101 36390 14
289 36268 37481 6
391 36213 37975 6
443 37303 39181 11
343 37139 38581 10
36 37719 37876 8
96 37915 38365 14
434 37973 39010 8
386 38144 39702 6
447 38495 39388 8
54 38588 38856 0
295 39200 40256 9
215 39079 39764 7
202 39504 39944 19
286 39754 41149 19
137 39852 39998 17
86 39958 40145 1
80 39879 40241 16
184 40366 40726 15
128 40265 40903 8
392 40405 41398 2
207 41238 41830 17
357 41273 43002 0
227 41818 42065 5
228 42126 43256 15
408 42093 43777 2
129 42683 42817 1
151 42705 43032 15
167 42918 43675 8
224 42988 43242 20
140 43062 43759 2
175 43256 43497 3
155 43841 44322 1
217 43929 44304 6
414 43855 45386 13
445 44425 46168 12
36 44867 44913 19
166 44822 45447 7
136 44965 45245 1
51 45152 45395 3
253 45570 46662 17
88 45692 45942 14
302 45869 46983 19
406 45785 46342 13
189 46371 46746 16
124 46367 46555 0
179 46849 47523 19
320 47142 48077 12
298 47431 47781 14
56 47923 47984 11
165 47939 48516 2
113 48373 48926 8
290 48586 49833 11
50 48489 48651 6
312 49185 49593 16
52 49025 49107 17
34 49020 49087 7
424 49053 49843 9
135 48993 49345 11
315 49106 50175 0
55 49165 49231 5
374 49217 49785 13
51 49038 49172 16
28 49146 49229 11
253 50160 50936 19
153 50240 50794 2
236 51011 52177 16
194 51061 51691 6
406 51845 53224 6
417 52587 54419 3
429 52785 54111 10
162 53235 53897 18
268 53419 54095 9
299 53317 54017 6
395 53855 55139 12
118 54215 54634 15
76 54192 54443 3
141 54391 54959 3
211 54815 55686 17
393 54709 55810 7
368 54625 55988 16
313 55593 56426 5
78 55694 55895 8
133 55658 55802 7
41 55826 55969 16
312 56205 56869 0
317 56446 57306 18
398 56244 57255 10
209 56258 56920 17
258 56353 56672 19
213 57470 57904 12
352 57426 58535 3
38 57426 57611 19
101 57801 58022 10
338 57745 59159 11
146 58044 58233 15
229 58497 58880 6
304 59391 59840 15
33 59268 59350 18
52 59450 59627 7
131 59642 60036 11
300 60027 60667 19
364 59871 60284 8
343 60755 62170 14
188 60833 61712 12
250 60818 61210 0
114 60735 61183 9
221 60673 60912 16
421 61843 62827 9
318 62011 63021 5
169 61910 62281 17
115 62396 62531 13
259 62719 64012 15
364 62602 64178 7
351 63342 64619 16
102 63491 63945 1
376 63567 64878 5
100 63767 64190 18
144 64042 64331 5
255 64140 64845 3
443 64500 66506 18
388 64381 65126 1
383 64921 65326 14
194 64888 65457 14
294 65196 65843 15
438 65180 65919 5
261 66108 66573 19
146 65960 66312 18
342 66432 67705 3
394 66736 67861 3
25 66688 66748 1
224 66804 67238 12
159 66970 67285 3
325 66978 67369 10
328 67665 68808 8
339 67936 68732 20
185 68517 68999 9
46 68614 68735 11
385 68968 69567 19
190 68860 69234 6
311 68916 69922 12
341 69155 69769 18
450 69160 70232 12
318 68982 70296 15
325 70408 70744 16
179 70607 71135 0
43 70886 71069 6
264 70917 71813 9
40 70896 70994 13
79 71016 71155 17
179 71169 71945 20
429 71427 72325 14
308 71976 73052 9
407 71804 73459 3
63 71838 71920 4
168 72964 73668 17
77 73115 73279 1
344 73180 73630 16
106 73075 73386 2
296 73242 74476 3
219 73334 73699 7
262 73904 74254 1
147 74407 74627 0
252 74395 75405 0
176 74631 75069 11
253 75240 75591 20
215 75193 76170 12
114 75674 75877 2
397 75866 76486 3
333 76119 76722 6
209 76064 76390 19
232 75965 76648 10
134 76717 77138 13
99 77006 77269 8
290 76956 78065 18
423 76957 78610 1
450 76792 77385 10
189 77776 78450 5
76 77905 78032 8
305 78358 79297 3
347 78193 79260 11
188 79036 79715 16
205 79366 80261 4
139 79259 79907 2
362 79265 79974 3
169 79389 79684 10
72 79348 79679 8
44 80519 80697 11
76 80785 80887 3
133 80874 81257 20
328 81164 81860 0
309 81416 82559 10
164 81355 82075 2
214 81628 82367 16
336 82006 83275 12
434 82117 83948 4
373 82311 84041 13
73 82451 82595 13
146 82643 82991 13
116 83172 83545 11
114 83530 83969 14
330 83810 84991 9
160 83920 84151 16
119 84104 84424 15
206 84271 84851 1
38 84151 84194 6
184 84269 84833 14
207 84607 85231 5
25 84939 85038 13
95 85537 85699 2
420 85949 87348 5
441 85886 86410 3
373 85647 87371 2
98 85529 85882 20
300 85802 86218 17
369 85882 87278 0
114 85691 85981 3
290 86510 86814 15
387 87283 88288 18
123 87118 87328 15
295 87622 88524 8
275 88129 88549 18
56 88231 88508 15
305 88951 90252 2
24 88770 88803 11
349 88932 90318 1
102 88928 89150 1
261 89325 90288 13
440 89205 90235 17
254 89184 89469 0
286 90395 90991 1
122 90557 90709 2
81 90462 90756 10
362 90500 91661 12
379 90978 91693 2
379 90753 91548 0
448 91838 93799 14
405 91790 92696 13
414 92437 94358 6
126 92234 92515 7
282 92428 92995 0
303 92593 93336 8
219 92428 92650 10
185 92455 92944 7
337 92813 93517 3
361 94205 95785 14
69 94144 94398 15
158 94603 94810 19
440 94578 96097 10
133 94904 95244 6
47 95252 95454 4
218 95499 96263 10
116 95616 96028 18
99 96011 96278 11
159 96161 96473 9
72 96195 96444 3
132 96234 96780 8
166 96780 97191 14
143 97059 97673 1
251 97240 98353 12
60 97609 97746 18
326 97553 98305 2
108 97491 97694 9
428 98095 98951 19
248 97967 98397 18
35 97894 98037 20
421 98293 100008 19
54 99022 99216 19
197 99451 100323 6
349 99314 100314 17
398 99374 101067 7
72 99534 99856 18
249 99890 100302 5
314 100497 101801 14
207 100608 101160 0
241 100579 101000 15
142 101469 101721 5
408 101365 102730 2
36 101718 101884 14
419 102046 103881 6
437 102155 103829 2
395 102433 102875 9
258 102466 103426 20
145 103102 103401 18
385 103306 104527 2
89 103203 103559 2
206 103127 103507 9
321 103662 104305 19
233 103886 104573 10
396 104347 106071 7
96 104466 104719 20
88 104470 104862 0
187 104424 104733 2
120 105297 105420 0
234 105412 105790 9
234 105942 106898 0
149 105923 106564 19
