400
3 0 3 1
5 0 7 3
7 0 8 5
7 0 9 5
2 0 3 3
4 0 5 3
7 0 8 2
1 0 1 4
5 0 6 4
5 0 7 5
8 23 43 3
3 158 240 2
3 27 30 3
2 120 126 1
6 102 139 4
1 96 111 5
6 59 91 2
2 37 44 4
8 164 181 3
1 170 258 3
5 44 62 2
4 55 85 4
7 182 206 4
6 99 137 2
6 117 160 5
3 117 140 2
1 169 182 4
3 81 87 3
6 62 92 1
5 72 104 4
2 195 246 2
5 178 274 4
6 156 222 3
3 168 227 5
3 67 76 2
3 18 26 3
5 145 201 2
7 143 156 1
3 174 233 3
7 69 110 3
5 198 223 2
7 9 25 1
6 66 76 4
4 98 160 4
6 75 108 1
2 88 128 4
4 70 109 3
7 111 157 3
6 4 13 1
2 189 266 2
5 25 32 2
1 200 221 5
4 3 11 3
4 198 263 2
4 132 208 3
3 74 121 3
8 170 234 4
5 95 103 2
3 131 193 3
7 26 37 2
2 193 236 4
7 142 169 2
7 94 120 2
6 132 167 2
1 69 96 3
5 200 259 1
4 4 9 2
5 62 107 4
2 104 156 1
5 140 194 3
4 70 80 4
5 64 101 1
2 144 217 4
2 69 111 5
6 74 101 4
6 113 165 5
5 93 157 1
7 109 174 3
6 23 30 3
5 36 53 3
4 161 214 4
6 154 165 2
4 113 141 5
2 96 145 3
5 147 198 5
7 77 92 4
4 197 254 4
6 32 40 3
8 32 48 3
4 157 164 5
8 89 101 3
7 88 104 3
6 96 129 2
4 147 192 2
3 70 95 4
6 199 309 2
3 83 133 2
6 2 11 4
5 159 193 4
3 63 82 3
6 56 68 2
4 188 241 4
4 153 222 5
3 147 152 5
8 97 140 1
3 160 231 2
3 38 43 5
5 35 62 2
7 59 92 1
2 170 246 2
5 9 21 2
3 34 39 4
5 16 24 2
5 157 207 2
6 129 147 3
2 2 6 2
5 99 117 4
4 126 179 4
8 10 24 3
7 70 115 3
3 179 266 3
6 174 197 4
2 195 276 2
3 181 207 1
2 146 149 2
5 9 19 1
3 7 12 3
3 175 271 1
7 8 15 1
7 64 92 2
7 35 43 3
6 49 66 5
8 30 56 2
5 27 34 2
7 28 47 1
7 130 168 1
1 132 180 1
7 21 43 3
4 47 62 1
2 67 100 5
5 28 46 1
5 191 202 4
7 175 215 2
4 131 151 3
4 12 25 4
4 34 38 2
6 118 129 3
5 157 165 2
1 110 168 4
2 112 147 4
5 93 150 1
5 34 48 2
4 151 215 4
3 37 58 5
8 67 105 2
5 129 205 2
3 69 78 4
8 31 39 2
4 99 158 1
8 190 249 2
2 7 11 4
4 186 250 3
4 130 196 4
2 108 126 2
7 11 23 3
8 164 198 1
8 159 248 2
5 3 9 2
8 17 38 4
7 67 94 1
6 120 158 3
3 198 221 4
1 63 101 2
3 61 99 3
5 152 172 2
3 90 140 5
4 80 91 3
3 178 198 2
7 171 211 3
2 115 152 1
2 113 159 4
7 72 116 4
8 20 44 2
4 77 109 4
6 191 249 5
7 151 239 3
3 71 104 1
3 150 216 1
4 187 304 3
3 46 63 1
7 164 226 2
3 35 59 1
5 194 316 5
5 93 129 4
2 173 228 5
3 106 161 1
1 13 15 2
4 188 270 4
5 15 28 4
5 9 19 3
3 7 12 3
2 108 143 2
2 73 100 2
5 0 8 3
4 103 148 2
3 79 100 3
4 90 134 4
7 95 146 2
2 170 175 1
6 98 144 2
2 13 22 2
8 11 23 3
3 111 123 4
4 28 36 1
6 164 252 3
3 118 144 2
6 85 138 4
5 23 41 1
7 161 223 2
5 64 85 2
1 14 18 2
1 34 50 2
7 62 99 4
4 138 173 5
7 88 133 2
6 172 237 2
1 160 198 4
3 110 122 2
6 91 104 5
2 105 137 3
2 21 32 4
5 141 176 5
8 129 168 3
8 57 87 4
3 18 32 2
5 37 52 1
6 8 16 2
6 62 71 2
6 129 166 4
6 198 319 2
6 168 240 2
7 179 257 1
7 83 109 5
3 138 173 4
3 112 173 1
3 82 89 2
2 194 284 2
3 164 233 2
6 140 176 1
4 105 109 3
2 96 128 4
3 126 177 2
4 17 31 2
4 38 62 2
6 81 121 2
7 31 40 1
4 175 224 1
1 31 42 2
5 148 190 3
7 44 61 4
6 48 70 5
7 179 293 3
2 111 143 3
5 149 165 5
6 90 122 5
3 6 9 3
3 163 173 3
3 168 229 3
5 182 189 2
7 174 228 3
5 122 192 4
7 37 58 3
2 149 152 5
7 43 53 1
2 183 296 3
2 43 66 4
8 198 310 4
7 196 268 1
4 58 95 2
5 120 187 2
8 195 307 1
6 84 106 3
2 3 5 3
1 62 85 1
8 92 103 3
2 36 39 2
3 167 235 2
2 61 89 3
7 127 150 2
6 147 232 5
4 184 200 5
7 59 100 3
5 143 195 2
3 59 66 1
4 152 163 1
8 67 87 2
5 160 239 1
6 45 80 3
7 103 165 5
1 15 20 4
5 14 30 4
5 147 236 2
4 130 158 4
1 60 77 2
3 131 168 3
3 7 14 1
3 104 116 4
7 36 62 5
6 92 126 4
6 62 103 4
4 53 70 3
7 48 56 5
4 15 21 2
8 53 94 2
7 138 148 3
4 47 80 4
4 200 299 4
1 46 68 3
2 123 128 5
5 12 18 1
6 23 31 4
7 172 181 4
3 194 271 3
7 33 47 1
2 74 97 3
2 185 280 4
6 173 283 4
1 17 20 1
6 159 234 3
4 199 226 2
8 79 128 2
2 184 200 2
2 176 244 2
6 145 167 4
2 170 204 3
6 199 284 4
5 43 61 4
2 9 14 5
7 100 164 1
5 189 200 1
4 18 35 3
5 31 40 3
7 155 256 1
4 44 69 2
3 56 91 3
7 132 140 5
5 90 130 4
2 124 194 2
3 6 11 5
2 108 128 3
2 136 188 4
6 16 29 3
7 161 208 3
5 111 132 4
4 187 201 2
5 19 27 1
7 169 260 3
8 152 232 2
5 137 146 1
2 123 135 1
4 56 77 4
6 100 151 2
6 68 87 2
6 30 45 4
4 64 76 2
4 84 96 1
5 65 72 2
5 177 206 4
2 156 229 3
5 167 249 4
7 119 126 1
7 97 154 3
5 112 180 3
3 36 50 3
5 129 144 5
2 87 107 3
6 172 207 2
4 183 200 4
6 5 14 2
5 110 164 2
7 160 244 3
8 71 109 2
2 98 121 5
2 34 48 3
3 68 113 3
4 176 219 4
8 19 42 2
7 24 36 5
5 66 100 1
5 179 214 2
1 188 267 3
4 170 248 1
7 22 40 2
2 48 72 4
6 9 21 3
6 184 294 3
3 139 191 5
4 54 79 5
1 65 68 4
8 44 71 4
