150
4 0 6 1
4 0 6 3
8 0 10 1
4 0 5 2
6 0 9 2
2 0 3 1
5 0 8 5
2 0 2 3
4 0 4 3
4 0 4 4
7 6 18 4
3 58 62 4
1 10 17 4
5 55 80 4
4 61 84 2
3 47 66 1
3 15 23 2
6 33 43 2
6 18 37 3
7 26 41 2
4 19 31 1
7 11 25 2
7 71 91 2
5 14 25 1
6 30 39 3
3 19 34 2
1 1 3 2
4 17 33 1
5 62 105 2
8 37 48 1
7 3 14 5
5 10 20 4
2 1 4 5
7 53 71 2
7 68 99 3
3 35 47 2
7 62 104 3
5 71 78 5
5 20 31 2
2 33 43 1
6 3 14 1
3 56 70 3
5 7 16 3
2 13 19 3
5 45 71 3
6 29 50 2
3 65 99 5
3 18 27 2
7 53 95 2
5 23 29 2
6 6 19 4
4 60 87 4
5 56 66 1
1 12 14 2
2 31 47 1
5 38 53 2
5 34 61 1
7 31 43 4
2 27 38 2
8 68 77 2
1 3 5 2
3 11 16 2
7 3 15 2
2 70 95 1
3 3 10 4
5 20 31 2
6 60 90 3
8 41 58 5
5 68 82 2
8 12 30 4
4 36 53 2
8 51 64 2
8 63 71 2
4 50 70 2
3 29 42 3
5 58 86 4
5 63 73 3
3 9 15 1
3 2 6 2
7 49 65 2
5 74 88 4
6 56 83 3
5 43 51 4
2 59 63 4
7 17 37 2
4 63 105 5
6 29 39 2
4 50 59 3
5 17 23 3
7 22 29 2
2 28 36 3
6 30 51 2
7 18 28 2
1 7 8 5
7 17 30 3
1 14 22 4
4 35 50 3
7 10 27 4
5 69 104 3
7 35 44 5
7 17 32 4
7 61 89 1
2 40 48 3
6 42 58 2
2 55 80 2
8 44 55 4
1 8 9 1
4 63 79 3
4 13 17 2
6 71 119 2
3 54 91 1
3 11 20 4
2 50 64 3
5 69 78 2
7 37 68 3
7 21 31 4
3 40 55 2
6 33 48 3
4 47 58 4
2 69 82 2
3 40 61 4
6 11 24 2
3 15 28 2
3 37 48 2
7 6 17 3
2 38 47 1
5 54 61 5
2 10 13 3
6 4 15 2
6 1 8 4
4 13 24 4
3 59 98 1
6 45 80 1
8 4 13 3
7 20 28 1
6 47 69 5
6 33 55 4
1 43 64 3
4 38 47 3
1 66 80 3
2 59 96 2
2 28 47 3
3 55 82 4
3 60 92 2
7 56 99 4
7 24 49 2
1 67 101 4
2 36 55 1
6 60 91 4
7 47 76 3
