250
7 0 9 3
5 0 7 1
5 0 7 4
6 0 8 4
2 0 3 4
2 0 3 1
5 0 6 4
3 0 5 4
3 0 4 1
2 0 3 3
5 43 66 5
6 93 130 2
2 84 135 3
3 27 48 2
5 26 48 1
1 14 15 2
6 77 90 2
7 28 48 4
3 5 12 3
5 79 120 2
4 115 135 5
6 90 137 4
5 39 68 2
4 66 73 3
6 120 151 3
2 23 29 2
1 121 159 3
7 15 25 2
8 115 132 1
2 7 12 5
1 103 154 3
3 89 119 2
2 104 141 2
4 22 27 2
6 117 133 4
7 2 12 2
5 48 78 1
5 52 80 3
3 47 64 3
4 123 168 1
4 64 108 4
3 10 15 2
4 46 62 3
2 78 108 4
1 20 24 1
7 62 98 4
6 77 121 4
8 94 114 3
2 46 77 5
7 52 92 5
6 24 37 3
4 30 46 2
6 55 71 2
4 94 135 2
2 53 64 2
7 106 154 1
2 20 30 1
7 54 78 5
5 68 85 5
5 113 119 2
2 7 12 4
4 32 36 5
2 51 85 4
3 115 167 4
5 90 122 4
6 28 53 2
8 117 140 5
7 55 66 5
7 106 119 2
5 95 155 5
2 92 131 4
1 78 110 3
5 85 114 5
5 83 118 3
7 40 70 3
5 39 45 1
2 111 173 2
6 67 104 3
3 24 30 4
4 15 30 5
1 98 146 2
2 12 20 3
6 105 170 1
7 42 71 4
4 33 40 4
8 30 57 1
4 98 121 2
3 25 38 1
3 20 31 3
2 81 107 5
3 23 30 2
6 69 88 5
2 89 118 1
3 31 54 1
3 103 120 3
5 7 15 5
5 50 85 2
5 98 114 2
3 64 79 5
1 23 32 3
5 13 28 3
6 117 179 4
7 98 129 4
8 102 137 2
6 36 43 5
3 80 115 4
3 102 122 2
2 111 146 2
7 89 148 2
6 20 32 5
1 29 44 5
6 66 87 5
4 29 38 1
7 119 182 2
7 9 20 4
5 111 121 4
3 122 147 3
6 101 134 3
4 121 198 1
3 98 141 3
2 51 53 5
1 45 59 1
3 81 119 4
7 34 47 4
6 9 23 3
8 108 150 3
6 94 114 2
8 81 122 4
6 26 51 1
2 37 52 3
4 115 120 3
5 71 83 2
4 92 131 3
6 119 165 3
6 91 122 4
3 28 47 2
3 117 189 1
5 104 128 2
1 89 132 4
4 113 130 4
6 92 132 3
7 105 135 2
3 10 17 2
5 14 19 3
6 73 81 2
7 34 52 3
3 90 125 5
3 53 68 3
2 62 67 3
8 60 83 3
4 16 31 2
7 35 50 3
4 58 90 2
5 89 102 4
3 15 29 1
2 35 50 1
5 20 34 1
7 42 55 4
4 84 137 3
8 95 165 2
3 110 150 3
3 68 79 1
3 45 59 2
1 13 15 2
1 116 121 4
5 19 28 3
4 116 163 4
3 117 121 1
8 38 55 2
5 93 99 1
7 124 176 3
3 32 49 5
2 109 171 5
6 123 196 1
2 77 110 4
2 109 123 3
3 8 13 3
4 15 26 4
8 35 56 3
2 22 26 5
3 4 8 4
4 34 39 3
8 119 191 3
3 65 70 5
7 11 20 1
3 72 97 1
6 108 173 1
2 120 194 5
4 65 75 4
3 113 135 1
1 87 94 4
6 113 120 3
3 84 117 5
2 117 123 2
5 34 54 3
3 14 25 3
2 2 4 4
1 61 91 4
7 99 119 1
7 58 77 3
8 15 35 1
3 20 25 4
3 62 86 4
6 84 104 3
5 29 37 1
5 54 89 2
1 99 116 4
2 110 151 4
7 76 116 3
4 72 92 1
3 4 9 1
8 71 102 2
7 50 69 3
5 68 113 2
3 110 180 2
8 117 193 1
3 110 135 2
4 89 138 2
6 9 17 2
3 38 46 4
3 99 139 4
3 96 157 1
6 3 10 4
4 58 71 2
6 125 163 2
4 51 56 2
6 111 161 5
7 0 8 2
1 59 73 5
5 83 137 2
6 46 68 1
1 32 34 3
2 1 4 2
7 109 178 3
3 23 36 3
7 120 198 1
7 119 195 3
8 4 18 2
5 73 112 4
8 111 156 2
6 82 89 3
2 92 105 5
7 46 68 1
6 12 29 4
3 15 25 2
2 96 131 4
3 84 87 3
5 114 132 4
4 50 65 2
5 105 130 2
