100
7 0 7 2
3 0 4 2
6 0 7 3
2 0 2 4
2 0 3 2
3 0 4 2
1 0 1 1
6 0 7 3
7 0 10 3
6 0 9 2
5 24 36 2
8 40 48 3
3 26 41 5
4 46 66 5
5 19 26 4
8 44 55 4
4 14 25 4
3 26 45 1
3 42 64 3
7 20 43 2
8 19 38 4
4 5 12 4
2 27 35 3
3 23 30 4
2 3 6 2
4 48 83 4
5 3 9 4
6 39 71 5
7 12 21 3
7 15 29 2
3 30 46 3
2 41 65 3
2 48 64 1
6 0 9 2
6 49 67 5
6 1 11 3
6 33 45 1
2 8 14 1
7 33 56 2
4 33 43 2
7 3 14 1
4 12 20 1
7 21 32 3
7 20 28 2
7 16 30 5
2 31 52 4
1 36 55 1
4 28 50 5
8 2 12 3
6 26 36 5
5 22 33 4
6 41 52 1
5 42 51 2
3 18 23 5
6 43 60 4
1 48 54 4
1 6 10 2
2 33 46 2
1 49 71 2
5 8 17 4
6 17 28 2
6 23 31 2
7 44 72 4
2 29 40 5
4 2 8 4
7 28 37 3
6 48 70 4
6 23 31 2
2 39 63 1
8 21 41 3
7 15 31 2
4 5 13 3
2 9 16 2
7 27 42 2
5 48 73 3
4 30 43 2
3 4 7 3
3 43 61 4
5 35 50 3
5 47 76 2
7 15 31 4
7 30 54 4
8 27 52 3
8 6 19 1
7 19 36 2
5 5 14 3
5 2 8 2
5 11 16 4
5 42 50 2
7 44 78 3
6 32 42 4
4 6 12 1
6 43 62 3
4 23 38 4
4 22 38 2
2 39 65 1
4 26 38 1
4 32 43 4
2 11 13 5
8 45 68 2
