450
5 0 7 3
6 0 6 5
5 0 7 2
4 0 5 4
1 0 2 4
8 0 12 2
6 0 8 4
2 0 3 5
5 0 6 3
2 0 3 5
5 106 119 1
1 167 186 5
3 208 226 5
8 40 75 4
7 30 45 3
5 75 98 1
5 47 73 4
7 193 300 4
1 130 176 3
5 177 261 4
3 40 66 2
3 29 35 5
4 138 206 3
5 141 195 1
3 83 137 4
4 40 58 3
4 157 189 2
2 112 127 3
4 164 221 4
6 32 54 3
5 197 296 5
4 186 227 4
8 117 136 1
6 37 56 2
2 218 241 2
6 105 112 1
4 81 101 2
4 93 140 5
3 34 53 2
7 196 249 4
7 199 262 2
2 11 14 2
6 185 296 4
8 201 266 3
3 108 145 2
3 126 193 2
5 55 65 3
4 189 194 3
5 89 113 5
6 153 218 2
1 114 178 5
5 60 101 5
6 209 307 2
6 9 17 1
4 198 272 3
2 42 49 2
8 2 12 3
5 74 100 4
3 97 101 4
7 129 171 4
8 222 351 4
3 103 138 4
8 187 295 3
4 71 81 4
7 31 53 3
5 169 246 3
7 109 173 4
5 80 135 2
4 44 58 4
2 155 229 5
2 70 88 3
6 124 143 3
1 133 202 2
6 116 192 1
7 132 164 4
2 56 75 3
6 189 293 3
1 14 23 5
3 114 156 2
7 162 231 2
5 186 288 1
8 200 279 1
4 222 335 4
8 109 177 5
3 39 51 3
7 219 260 4
3 138 198 3
3 93 116 1
1 215 333 2
3 41 45 3
8 101 152 5
6 224 254 5
8 10 22 5
4 156 235 1
4 169 261 2
4 104 164 3
2 189 269 4
3 96 122 2
7 135 227 1
5 193 259 4
7 133 151 1
2 101 112 3
6 74 115 2
5 128 167 4
2 109 172 3
6 149 216 4
6 25 49 2
4 67 90 2
3 213 252 3
7 76 113 3
7 7 18 2
7 2 14 3
4 85 137 3
3 42 53 4
4 108 141 2
3 151 179 3
6 103 139 5
2 27 37 5
5 211 220 4
8 193 239 2
5 127 168 2
3 84 104 1
2 198 277 4
6 114 165 3
3 202 254 2
6 55 68 2
7 174 209 1
5 62 101 2
2 30 35 3
7 137 225 5
8 169 227 3
4 176 230 5
3 142 166 3
5 61 76 1
2 55 63 4
7 162 178 5
8 161 183 4
8 166 266 1
5 104 173 2
4 89 93 2
3 109 141 4
5 61 98 4
5 214 229 5
1 118 171 4
3 86 102 3
7 220 326 2
5 179 187 4
2 146 228 4
5 190 197 4
5 218 345 4
4 202 208 4
2 10 19 2
6 114 134 3
1 212 329 2
8 154 224 4
7 209 320 2
1 215 275 3
4 202 268 5
1 4 5 3
7 194 226 5
2 184 258 2
6 36 46 2
6 18 32 2
4 101 139 5
7 75 88 4
3 221 311 3
5 24 38 2
1 12 14 1
7 106 130 4
7 192 269 2
2 87 126 3
7 49 70 4
2 185 265 5
5 131 181 2
3 26 34 3
2 51 58 2
1 26 35 4
1 168 270 4
1 104 118 1
7 158 262 2
7 65 102 4
3 22 33 2
5 136 168 4
8 223 360 2
6 186 266 2
4 33 49 5
3 83 94 1
2 92 129 3
5 132 197 2
7 162 188 2
2 92 150 3
1 1 3 3
3 135 160 2
1 126 183 3
2 120 172 2
3 42 61 1
2 219 295 5
6 60 93 2
5 116 163 2
3 175 215 1
7 86 129 5
2 203 310 2
5 90 106 2
1 76 123 2
1 1 3 1
1 24 27 1
7 168 207 4
2 74 93 2
5 23 39 2
4 35 61 4
1 158 168 3
5 170 271 2
5 187 275 3
1 131 148 3
4 23 32 2
5 216 321 2
7 53 86 4
1 133 171 2
8 222 303 5
6 147 215 3
5 122 133 1
4 128 210 3
6 180 210 2
4 5 13 3
2 1 3 4
5 8 15 2
4 50 71 2
4 143 194 5
7 45 74 3
6 46 62 4
2 129 207 3
1 94 117 2
3 67 95 2
2 185 274 2
8 162 221 1
3 28 44 4
2 4 8 5
2 155 187 2
5 132 170 2
5 74 122 4
6 50 68 4
1 170 184 1
4 211 243 3
2 123 187 2
2 154 185 4
7 167 262 2
2 84 108 4
1 147 174 5
6 172 195 2
5 133 183 5
6 171 280 5
2 76 88 2
6 186 306 1
6 58 69 1
2 175 261 4
2 181 244 3
7 18 33 4
1 151 166 3
3 30 40 4
7 31 49 2
2 201 323 3
2 167 221 3
7 219 267 2
1 141 157 3
2 5 9 2
5 54 63 2
7 62 105 3
5 217 333 2
3 69 109 2
6 121 160 2
7 65 106 2
8 25 47 3
6 3 10 4
2 28 44 2
7 19 34 4
7 153 231 4
7 10 19 3
8 96 161 4
4 146 226 1
6 104 123 2
2 14 24 4
3 35 46 2
5 123 194 4
6 157 224 3
5 25 40 2
4 40 48 4
6 212 305 5
3 21 28 4
2 214 256 4
6 151 199 2
5 205 252 4
4 4 13 4
8 128 214 4
7 67 78 3
3 25 39 3
3 34 50 3
1 10 15 1
1 91 102 4
8 212 299 5
2 161 180 1
2 45 65 3
3 184 246 2
3 177 263 3
7 145 173 2
6 94 160 2
6 64 75 3
5 81 95 4
5 24 30 3
4 178 279 1
3 77 80 4
1 81 129 2
3 170 245 3
8 80 94 4
2 223 331 4
6 0 6 3
7 149 231 5
6 14 29 1
6 48 71 4
5 62 99 1
5 138 198 4
2 192 195 1
4 116 188 3
5 20 30 1
1 32 34 3
3 187 201 5
4 82 131 4
7 110 181 4
3 199 231 3
3 169 272 2
7 151 176 4
5 84 134 1
4 184 275 5
7 45 52 3
6 111 151 5
7 21 31 3
7 27 36 3
7 196 208 3
5 88 102 5
8 67 79 5
3 197 313 4
6 93 154 4
7 28 39 2
7 12 29 2
5 217 326 4
1 148 168 1
1 193 299 5
8 54 81 4
5 110 129 2
7 187 248 2
3 222 259 1
6 199 297 2
4 161 247 3
2 209 231 4
5 102 155 5
2 83 106 5
4 8 17 2
4 43 52 4
2 102 159 2
6 25 39 4
2 189 222 3
2 110 114 2
5 69 101 2
8 137 161 3
2 203 295 3
7 207 236 4
5 115 153 4
2 61 71 4
4 132 173 5
2 10 16 4
2 78 109 3
6 96 105 4
2 43 63 3
3 195 216 3
2 54 57 4
5 177 190 4
3 128 163 3
5 222 253 2
2 147 220 2
6 100 158 5
8 83 130 4
1 214 260 3
5 117 163 3
5 50 72 4
4 169 184 1
7 201 228 3
3 165 214 4
6 218 338 4
1 118 154 4
5 168 244 3
4 134 154 5
1 95 135 3
2 142 214 5
7 139 208 1
2 179 187 2
3 70 109 4
3 180 266 2
8 68 112 3
8 198 262 3
3 116 165 1
8 208 266 2
4 202 304 2
5 218 328 4
3 14 20 3
7 134 148 1
2 169 191 3
5 8 16 3
1 118 129 3
6 198 283 4
4 197 213 2
2 115 158 2
4 66 101 5
7 212 255 3
5 93 148 2
6 26 37 4
5 211 308 4
6 47 68 4
5 186 267 2
5 16 30 2
7 122 206 3
2 73 95 2
5 9 22 3
6 78 89 3
4 96 105 3
3 16 26 5
6 100 166 2
7 129 150 3
4 35 53 5
5 202 223 4
1 44 47 3
3 19 25 4
7 83 91 5
5 208 279 5
3 201 238 1
7 113 187 1
7 136 196 4
2 117 169 2
4 174 238 3
4 139 220 1
7 176 219 4
2 124 195 2
2 20 25 4
2 182 225 3
4 35 46 2
2 129 198 4
1 86 134 3
3 158 195 2
5 186 285 5
3 105 118 3
7 189 233 1
7 66 109 4
