350
8 0 10 2
7 0 8 2
2 0 2 4
6 0 8 3
6 0 7 5
5 0 5 5
8 0 9 2
5 0 6 1
5 0 6 2
3 0 3 1
6 142 191 3
7 68 107 2
3 142 188 3
4 158 190 3
2 58 74 2
2 118 181 1
1 15 19 2
6 64 105 3
3 113 126 4
3 29 43 4
3 99 139 4
3 64 85 3
6 162 260 5
2 93 115 4
1 136 140 3
2 37 43 2
4 161 183 3
1 97 108 1
2 168 257 2
4 18 33 4
2 17 21 4
7 140 200 2
4 10 17 4
7 20 39 4
2 152 194 5
6 56 91 4
2 136 214 5
6 159 202 3
4 65 108 4
6 29 40 3
7 34 55 2
4 49 60 5
5 163 211 5
6 131 163 3
3 128 167 3
5 121 154 2
2 134 204 5
1 81 123 3
1 64 86 3
4 134 198 2
8 5 16 4
4 124 162 4
4 105 124 2
4 91 145 3
4 101 134 4
6 34 61 3
7 1 10 2
7 41 66 1
1 2 4 2
7 167 176 3
3 122 185 5
5 108 167 4
4 47 67 2
2 104 113 2
4 163 252 4
6 116 189 2
3 15 27 2
4 135 155 5
2 165 194 2
3 57 62 3
2 76 92 2
4 126 193 2
7 44 76 4
4 7 17 5
4 51 67 4
1 142 170 2
5 174 249 4
1 53 86 3
2 99 110 3
5 141 150 3
7 86 142 3
7 0 10 4
3 12 18 4
3 112 151 4
7 139 172 2
1 32 44 1
2 32 44 2
2 152 183 4
6 51 84 4
5 120 191 4
4 173 225 4
3 154 192 1
5 144 194 2
6 121 198 1
3 161 192 4
7 50 86 5
7 157 247 3
2 19 32 4
6 92 145 3
1 43 70 4
4 166 204 2
2 3 7 5
2 158 247 5
1 3 5 4
5 134 153 2
4 116 123 3
3 107 168 2
2 138 194 1
8 166 276 1
4 11 23 4
6 164 213 1
3 127 133 2
1 87 94 4
6 104 162 4
7 40 74 2
4 131 194 3
4 172 182 2
3 41 65 3
6 164 227 2
6 101 136 2
7 92 110 2
1 134 201 5
3 11 18 2
5 4 12 5
2 82 100 5
5 45 80 5
4 8 19 1
3 112 119 3
5 110 182 3
4 90 103 2
6 77 127 1
3 18 30 2
3 4 8 2
5 162 170 5
8 156 179 4
5 20 30 2
6 25 47 2
2 10 14 2
1 7 10 5
4 43 55 3
1 174 191 2
5 50 70 3
6 10 17 2
4 96 156 5
7 55 67 4
3 110 147 3
3 161 243 3
4 25 39 4
4 91 139 2
8 31 48 2
1 1 2 4
7 16 27 4
6 42 60 2
3 142 220 5
5 139 226 4
7 151 182 4
3 150 217 4
5 127 166 4
3 2 5 5
5 121 135 2
4 173 251 3
7 100 161 1
5 86 124 3
2 69 91 3
4 42 60 4
5 41 50 1
6 163 193 2
7 60 81 2
4 10 19 1
2 174 233 2
5 141 181 2
5 10 17 2
1 44 71 1
7 148 169 4
5 60 76 3
7 156 252 3
4 16 24 5
8 87 141 2
5 63 70 4
4 6 12 4
3 145 161 3
6 64 102 4
7 153 193 2
7 41 74 1
5 43 71 3
3 172 176 2
6 57 99 4
3 24 40 3
5 60 82 1
4 174 260 5
3 72 105 4
7 17 29 4
3 76 122 3
1 2 4 3
6 154 177 4
2 138 200 2
7 136 154 5
2 87 111 1
7 44 63 3
8 100 134 3
4 165 222 5
5 16 28 5
3 39 45 2
8 20 36 5
7 139 154 4
2 106 120 5
6 16 35 1
7 67 83 1
6 45 52 2
3 155 179 1
3 60 74 3
3 151 200 4
1 51 79 1
6 167 222 3
2 144 194 4
2 165 199 1
6 66 108 4
4 104 173 2
7 20 29 4
3 153 193 2
2 118 172 4
2 126 144 4
7 59 103 1
5 115 121 3
6 107 142 1
2 48 62 1
7 138 203 3
4 36 45 3
4 20 33 2
1 136 166 1
6 57 91 1
3 13 25 3
6 6 17 3
4 89 137 4
7 39 73 4
5 1 7 1
4 13 25 5
5 67 96 4
3 133 213 2
5 64 100 4
3 154 241 3
5 21 40 1
6 152 160 2
6 126 180 4
5 128 160 2
2 74 92 5
6 43 63 3
1 62 72 2
6 168 255 1
2 90 127 5
8 115 154 5
3 43 68 2
5 115 158 3
5 53 84 2
6 78 86 5
4 80 112 2
5 65 106 1
3 48 55 2
7 21 44 2
7 124 208 3
6 97 148 4
3 94 147 3
2 4 9 4
7 21 33 2
6 51 84 3
5 30 42 1
6 163 227 3
8 98 151 3
6 56 84 1
4 27 36 1
2 136 147 5
2 41 47 4
2 30 43 2
4 161 196 3
2 95 102 2
3 68 94 5
7 125 182 2
1 7 11 1
8 35 50 3
2 100 109 4
2 120 188 3
3 39 61 5
7 130 192 4
6 112 142 3
5 148 214 4
8 26 44 4
4 155 235 3
5 107 116 3
5 112 176 4
3 147 193 5
5 159 233 2
2 46 64 2
3 88 100 4
6 72 116 4
4 124 143 1
3 74 93 3
5 32 54 3
4 147 220 1
2 94 122 3
2 97 141 4
6 132 157 4
3 83 137 4
5 53 78 1
8 41 59 1
8 137 216 4
7 167 228 5
3 175 278 2
7 119 130 1
3 87 109 2
4 100 149 3
6 55 78 3
7 77 100 2
2 143 156 1
6 67 76 5
3 8 16 2
1 65 72 3
2 155 209 3
7 92 145 5
3 77 112 2
2 78 128 3
7 56 68 5
3 28 38 2
7 153 194 3
3 134 146 4
2 49 76 3
5 76 89 5
2 41 66 3
5 7 15 2
8 3 14 1
5 69 96 5
1 81 124 5
6 138 182 2
1 131 210 1
3 79 97 1
7 11 24 1
5 42 67 4
1 60 91 1
2 102 111 3
2 57 70 4
7 33 55 5
3 10 14 2
4 12 19 2
1 170 258 4
3 166 200 2
2 5 9 1
6 36 44 3
2 60 94 4
5 108 122 3
3 120 187 2
5 50 71 3
