500
5 0 5 4
6 0 7 4
2 0 2 2
3 0 5 3
2 0 3 4
3 0 4 4
5 0 7 3
5 0 5 3
5 0 8 4
6 0 9 4
2 225 331 4
5 146 170 1
6 101 149 5
2 209 326 3
2 45 64 4
2 198 284 4
8 67 82 3
6 63 80 3
5 188 288 2
3 156 236 5
5 47 54 3
4 185 200 4
4 47 77 2
1 197 306 1
5 16 31 2
5 148 211 1
5 122 134 3
4 126 158 1
3 152 157 2
4 218 243 4
8 71 100 4
3 216 333 3
7 225 324 3
7 76 91 2
4 123 200 3
3 167 204 3
2 208 219 2
5 222 253 1
4 199 322 1
3 188 242 2
3 85 118 4
5 55 77 1
2 46 61 2
7 2 13 2
6 216 304 4
3 178 246 3
2 198 265 4
4 36 51 5
2 239 265 4
3 32 38 4
3 183 206 4
2 5 11 1
7 140 164 2
5 53 82 4
7 194 305 5
2 121 168 1
8 155 205 3
7 240 352 3
4 185 254 4
6 108 161 4
1 221 332 5
6 197 314 1
4 124 168 5
4 147 221 3
2 229 271 5
7 150 183 4
6 99 122 2
2 2 5 4
4 80 118 1
3 28 34 4
7 142 186 1
2 45 73 4
3 125 140 5
7 194 230 2
4 135 155 3
3 91 136 3
7 152 204 2
4 208 217 2
5 179 267 5
8 15 26 4
3 147 186 2
2 235 288 1
3 170 255 3
2 13 15 2
7 226 364 2
1 73 79 1
5 232 289 5
7 206 248 3
2 193 301 3
8 128 217 4
2 107 124 1
2 224 337 3
8 137 165 1
3 29 50 3
5 208 285 2
8 64 78 3
8 164 194 5
4 86 108 2
8 170 267 2
3 241 307 2
1 176 234 3
6 119 126 2
5 81 103 3
2 222 346 2
7 191 232 4
7 37 63 2
6 15 32 3
6 5 13 2
4 209 299 4
4 66 71 5
2 43 68 5
3 16 22 3
7 15 33 3
5 93 122 1
5 21 36 4
2 64 74 4
8 69 101 1
8 45 67 2
4 66 90 1
5 146 173 2
8 43 80 5
8 185 290 4
2 81 114 1
8 27 54 3
8 202 249 3
3 81 128 2
7 26 43 2
5 42 63 2
2 6 13 3
7 159 183 4
7 96 158 2
7 205 270 4
3 87 111 1
6 133 161 3
7 155 200 3
7 179 234 2
3 190 286 1
5 157 236 4
1 233 364 5
4 35 46 4
6 180 232 3
1 236 325 1
6 159 229 2
2 182 211 4
2 76 106 3
7 161 201 2
8 16 25 4
7 33 55 4
3 67 91 4
4 154 216 3
5 202 274 4
3 131 203 2
2 42 68 4
2 197 284 3
5 0 6 3
3 207 259 4
6 22 34 4
8 79 128 2
6 44 55 2
1 216 253 5
7 134 216 2
4 9 14 4
5 9 17 1
4 64 99 3
6 53 80 4
7 108 118 4
2 189 256 3
2 213 244 1
3 212 302 2
3 190 228 4
4 0 5 1
1 224 271 2
3 196 224 1
4 148 165 1
4 212 243 2
5 23 38 2
2 101 121 3
7 119 168 3
7 131 151 4
4 22 38 3
1 179 209 3
7 34 48 4
5 151 241 3
3 52 58 2
6 209 299 3
5 58 79 3
2 23 40 2
6 111 171 2
4 135 157 3
2 200 275 5
4 13 24 4
2 214 323 4
2 183 292 3
2 7 10 3
5 161 244 1
5 67 84 4
2 46 53 2
6 101 129 1
7 114 123 4
5 32 42 1
4 57 70 2
2 143 202 1
7 179 247 4
6 231 331 5
3 198 305 5
6 21 32 3
3 247 318 3
7 231 360 2
5 27 43 1
7 81 136 3
3 153 192 3
8 49 59 1
5 44 74 4
5 218 351 3
6 162 189 2
6 1 8 1
5 140 222 4
4 107 173 5
6 111 118 5
2 85 92 5
5 27 40 5
1 78 89 3
7 155 212 5
5 244 313 2
2 157 250 4
6 92 127 1
5 216 352 2
2 12 22 5
7 10 18 4
8 177 253 2
3 82 109 5
7 237 334 5
5 54 62 3
2 18 30 3
5 44 51 2
3 72 114 2
2 190 244 3
7 130 203 5
7 64 112 3
6 32 53 1
3 103 108 1
1 116 186 4
7 244 323 3
4 37 55 3
8 236 360 2
4 175 220 2
3 136 169 2
5 40 62 2
5 224 345 4
3 175 190 4
6 182 239 4
3 76 103 3
4 143 207 3
7 227 370 3
5 211 282 2
3 18 27 1
8 214 335 4
5 85 115 4
1 200 258 4
4 196 290 2
8 238 335 1
4 219 277 1
5 140 208 4
3 2 6 3
7 197 251 4
5 101 157 2
7 203 258 4
7 230 370 2
3 147 214 4
7 28 51 3
2 79 124 4
3 210 250 4
8 152 178 2
7 63 87 4
5 18 23 2
7 57 86 5
5 233 296 5
6 236 349 5
2 45 57 1
7 95 127 4
2 24 33 4
8 5 13 2
4 157 172 4
8 153 188 2
5 230 361 3
6 8 18 3
6 65 86 3
7 181 199 4
7 42 63 4
2 121 143 2
2 120 140 1
5 77 131 4
6 124 171 5
5 107 164 5
3 55 84 5
6 168 251 4
8 229 339 3
7 55 77 1
7 162 262 4
2 125 170 4
3 18 32 3
5 84 95 5
6 35 61 4
7 211 247 3
1 244 314 2
4 194 200 1
3 56 70 2
3 217 222 4
8 65 81 3
3 213 226 4
2 208 294 4
4 185 244 2
7 64 106 2
3 57 91 3
6 130 210 3
8 56 81 2
8 78 131 3
8 68 87 2
6 123 172 4
8 82 120 1
5 104 166 2
2 219 344 2
5 243 292 2
7 143 168 4
5 3 10 3
3 76 126 3
3 146 168 2
1 93 140 2
2 156 226 3
2 13 16 3
5 135 175 4
8 236 258 3
5 164 263 3
5 121 167 3
7 163 226 3
4 209 324 2
7 146 170 3
4 163 219 3
1 81 93 2
1 188 252 3
4 48 82 4
2 124 169 2
2 158 255 3
6 52 87 2
2 184 243 1
7 28 43 2
4 107 160 3
2 8 15 4
6 4 12 4
2 90 113 2
3 111 179 3
4 42 53 4
2 230 350 2
7 23 44 1
7 149 206 4
8 13 22 5
7 233 262 2
7 134 202 3
5 201 292 4
5 250 352 3
2 100 137 4
4 11 18 4
5 130 174 4
7 139 226 3
3 11 17 4
5 113 145 3
5 142 220 2
7 18 35 3
1 250 379 3
1 45 66 3
4 9 19 4
2 69 78 1
7 89 109 3
4 9 19 3
3 62 68 3
4 14 23 2
2 128 142 2
3 184 204 3
8 111 157 4
5 64 86 2
3 213 256 3
4 233 260 3
3 69 112 4
6 211 238 3
6 91 149 1
7 111 131 4
7 212 271 1
1 189 234 2
6 178 215 4
6 24 36 2
1 193 309 3
6 139 226 2
5 131 136 4
1 113 181 2
5 213 227 3
2 246 264 2
1 124 160 4
5 85 94 2
4 182 230 2
2 35 37 3
7 244 268 3
8 156 238 2
4 89 129 3
7 46 68 4
7 220 342 1
1 115 142 3
2 95 152 4
3 135 183 5
4 135 220 1
6 204 304 2
5 74 95 4
7 145 207 3
1 229 357 4
3 222 231 4
8 197 273 5
2 129 156 3
1 75 111 5
3 22 26 3
6 127 135 5
8 19 33 1
4 1 7 5
2 39 64 4
7 153 239 3
5 16 27 4
2 163 238 1
7 17 34 5
7 245 393 3
2 201 298 3
2 149 237 4
2 205 255 3
4 60 81 1
7 118 185 4
4 27 45 2
7 234 311 2
7 123 181 2
3 127 145 4
2 202 313 2
2 42 60 3
3 199 251 3
7 21 42 3
3 116 126 3
5 169 266 5
5 92 144 3
2 216 220 3
6 129 203 4
4 21 33 4
7 82 135 5
6 222 282 2
2 239 368 4
3 213 298 2
8 56 94 2
5 28 48 3
4 226 281 2
7 150 250 4
3 145 155 2
4 7 14 1
4 103 161 4
2 160 245 3
2 154 204 2
1 104 150 1
1 127 144 2
2 216 314 3
7 187 200 5
6 174 267 3
3 208 290 5
7 5 15 1
3 222 352 4
5 123 161 3
3 114 168 1
2 134 146 2
2 126 164 1
6 193 292 5
8 187 235 3
6 143 162 3
2 64 71 4
3 244 281 1
2 194 200 4
3 110 173 1
1 12 18 2
8 65 110 5
7 176 260 4
7 11 28 2
1 97 151 3
7 231 332 1
1 93 140 1
8 240 378 1
5 203 289 4
5 5 14 3
6 154 196 2
4 19 28 3
6 96 141 3
7 202 224 3
7 139 204 5
1 95 133 1
2 153 167 3
2 57 82 3
3 3 9 2
7 130 210 1
5 142 188 5
3 42 56 4
