200
3 0 4 2
6 0 7 2
2 0 3 5
5 0 7 3
7 0 10 2
1 0 2 2
1 0 2 3
3 0 4 4
7 0 11 4
7 0 7 4
3 6 13 4
6 72 91 4
2 34 44 3
4 76 82 5
7 58 98 2
1 38 44 3
5 32 58 1
8 37 65 5
5 3 11 4
4 22 41 2
3 65 71 4
3 5 10 3
6 12 23 2
3 99 115 2
1 10 13 3
5 92 116 2
6 50 66 1
7 92 110 3
6 16 25 5
1 18 20 4
2 71 112 3
7 30 42 2
8 3 16 4
2 8 14 5
1 12 18 5
4 67 110 2
2 59 72 4
2 78 87 4
8 46 69 3
7 99 151 4
6 0 9 4
7 99 165 5
3 10 21 1
6 64 89 4
4 13 22 2
4 16 23 3
7 37 45 4
2 10 18 3
8 8 24 3
3 44 53 4
1 74 103 4
2 78 93 2
1 95 119 3
4 18 30 2
3 6 14 4
6 24 40 3
7 87 106 5
7 25 50 3
4 12 18 2
2 19 22 2
7 91 122 3
8 25 50 4
7 94 117 3
6 30 57 5
2 30 42 2
5 21 41 2
3 48 64 1
1 77 101 2
7 19 33 2
6 28 35 4
4 58 84 4
7 22 45 5
2 87 100 1
2 60 63 2
4 36 51 2
3 57 83 2
5 67 86 2
8 83 94 4
4 43 57 4
5 51 88 3
7 36 43 2
2 67 69 1
7 29 47 3
3 6 10 4
4 73 113 3
2 85 97 3
5 29 44 4
6 50 60 3
4 58 94 4
7 19 27 4
6 45 74 3
5 3 11 2
4 73 123 3
7 84 122 4
6 2 9 3
2 27 37 1
5 33 60 3
7 15 25 4
8 20 40 2
1 32 37 3
4 16 20 3
8 54 74 3
6 93 147 2
7 18 32 4
5 87 140 4
4 63 79 4
3 91 129 5
1 1 2 2
5 60 97 3
5 64 70 2
7 24 36 5
1 61 87 2
7 87 95 1
5 80 135 2
3 68 104 5
2 17 28 4
3 76 94 1
5 88 133 3
3 80 91 1
4 56 73 5
7 17 34 2
4 98 106 3
2 25 34 4
6 55 74 3
5 1 8 2
4 77 87 3
5 27 46 4
8 78 130 3
7 17 34 3
1 18 30 2
5 99 131 3
2 74 83 3
1 4 6 4
6 49 87 3
5 41 64 2
7 74 115 4
2 89 139 2
4 60 71 3
3 29 37 3
8 44 78 3
3 74 108 2
2 20 22 2
6 100 166 3
6 20 34 1
2 29 39 3
4 46 72 5
6 75 123 3
5 39 68 4
5 99 154 2
3 38 61 4
3 4 9 3
7 29 53 2
2 37 53 2
3 52 78 3
3 100 132 5
5 54 83 2
5 36 63 1
1 79 105 1
7 36 56 2
1 79 127 3
5 25 44 2
6 93 155 3
3 29 36 4
6 1 10 4
3 66 108 4
1 40 60 3
3 2 6 5
5 92 133 4
7 43 70 2
8 73 89 3
4 13 26 4
4 54 77 3
5 74 98 4
7 55 83 4
7 26 51 3
6 23 46 3
2 70 81 1
1 2 4 3
1 79 95 5
6 32 47 4
4 46 51 2
8 36 68 4
2 76 103 5
6 3 13 2
5 53 85 1
7 62 77 2
5 11 22 3
5 41 60 3
6 14 27 3
7 14 29 4
7 83 93 2
1 77 117 2
5 99 123 4
8 7 21 5
3 80 86 3
7 71 81 2
7 27 40 1
2 34 41 1
2 94 103 4
5 3 10 4
