300
2 0 3 5
6 0 9 4
8 0 13 2
7 0 10 3
4 0 5 4
2 0 2 3
7 0 10 4
4 0 4 5
3 0 3 5
1 0 1 4
2 88 92 1
1 129 191 2
7 98 121 1
6 140 224 5
5 24 46 4
6 1 11 1
6 21 32 3
4 129 143 1
5 82 125 4
2 99 154 4
2 8 13 1
6 135 224 2
3 137 196 1
6 49 87 3
2 130 149 5
5 104 119 3
7 105 165 4
6 119 127 4
7 84 116 2
2 143 149 4
1 68 104 4
7 127 206 3
5 113 130 2
5 55 70 2
5 149 234 3
4 63 81 4
5 91 136 3
7 74 110 2
6 50 86 3
1 1 3 1
4 47 79 3
2 56 79 3
7 27 35 1
3 141 226 1
7 49 86 5
2 125 133 3
5 122 183 4
4 93 140 5
2 141 172 3
5 106 177 5
8 40 50 4
3 62 91 4
3 145 199 4
2 121 156 1
2 54 74 3
5 34 58 4
7 147 211 5
2 127 140 2
2 5 10 1
7 113 184 1
2 83 118 2
1 80 114 4
7 7 19 4
6 33 62 2
7 148 227 2
6 58 91 3
7 14 27 3
2 31 45 2
4 129 184 3
7 147 236 1
3 150 166 1
3 129 203 3
5 70 84 3
5 29 49 2
5 95 115 1
7 113 162 4
3 130 167 1
3 140 144 2
1 107 171 1
4 53 72 3
3 133 161 3
7 10 17 1
6 110 160 4
4 6 12 1
2 35 43 3
8 65 116 2
7 8 21 1
5 130 172 2
7 70 119 2
3 105 127 4
2 87 120 4
6 69 96 5
1 45 56 3
2 43 52 4
6 94 141 2
6 145 153 2
6 26 32 2
4 127 188 2
4 144 224 4
3 118 165 2
6 88 143 1
3 54 84 1
1 127 157 3
5 87 137 3
6 128 194 2
6 48 82 3
4 108 161 3
6 25 32 3
3 101 135 2
8 145 207 2
6 41 55 5
5 140 147 2
6 73 82 5
2 65 76 5
8 38 56 5
7 20 35 5
2 125 171 2
5 124 189 5
2 111 157 1
4 55 85 4
3 49 56 3
2 116 129 2
1 58 77 4
3 41 45 3
7 93 135 5
6 38 56 2
3 40 58 2
7 67 103 4
8 67 80 1
4 109 137 2
1 9 10 2
3 126 184 4
5 8 21 1
5 88 113 1
3 44 67 3
2 131 184 3
6 39 54 3
2 119 191 5
4 39 50 4
2 87 134 5
1 88 118 2
3 113 137 4
7 34 56 1
6 144 201 4
3 98 129 2
4 5 14 5
7 46 62 5
6 66 75 3
5 24 37 5
7 29 56 1
6 94 111 3
8 14 31 2
6 71 105 4
5 97 115 5
4 76 85 2
1 35 54 5
2 139 144 2
7 16 32 2
6 55 68 4
6 110 168 3
7 42 55 3
2 35 54 5
4 61 67 2
3 124 190 3
4 109 131 3
6 43 72 4
6 92 99 1
8 24 44 3
7 59 81 4
3 87 144 3
6 59 78 5
7 12 30 2
3 94 107 2
2 23 33 2
5 121 167 4
1 6 11 5
2 104 164 3
8 127 137 2
3 67 82 4
5 64 100 1
3 27 47 2
7 123 160 3
3 87 107 5
7 26 40 2
3 144 231 3
4 37 42 4
5 52 64 3
2 1 5 3
5 27 33 5
2 68 95 1
6 3 12 1
2 126 129 1
3 139 159 2
5 92 114 2
6 104 160 3
5 40 65 2
7 65 108 2
7 23 47 2
2 10 13 4
6 119 139 2
6 14 23 5
6 21 28 3
4 112 121 1
4 33 58 3
6 115 138 3
6 61 92 3
1 47 65 2
2 76 96 4
4 91 99 3
7 84 129 1
3 138 192 2
5 122 196 3
7 146 209 4
6 108 160 4
1 7 12 3
7 109 129 2
5 47 52 2
5 68 101 2
5 5 12 4
6 76 83 3
6 135 155 3
4 143 229 1
5 101 143 4
6 137 216 4
3 125 129 3
5 83 108 1
7 11 23 3
4 49 84 5
5 39 65 4
7 29 44 4
6 91 148 5
7 108 142 2
2 53 68 3
7 37 52 2
7 11 26 1
6 54 88 4
1 98 138 2
3 133 201 4
7 102 172 4
4 46 59 2
5 11 16 4
8 30 45 4
6 134 204 5
3 148 211 2
3 116 147 5
7 27 46 3
6 115 165 1
2 48 80 4
3 75 90 1
1 107 151 5
6 105 172 4
2 1 4 3
4 100 130 4
5 34 52 3
7 111 187 4
5 89 143 2
3 99 102 5
5 71 112 1
1 84 113 5
6 20 31 4
6 49 80 4
3 104 131 5
7 92 151 1
6 34 56 4
6 128 142 2
4 61 77 1
3 23 35 4
1 13 22 4
2 22 38 3
2 26 34 3
6 123 188 5
7 37 62 4
4 66 108 3
6 43 57 4
3 87 128 1
5 114 180 1
2 139 207 1
4 81 134 4
2 50 80 3
7 140 206 4
6 23 35 4
3 109 156 3
1 124 147 2
2 6 10 2
3 68 89 1
2 139 152 4
4 85 136 3
1 37 50 2
1 79 104 5
2 135 157 3
8 58 76 3
7 25 45 4
2 83 135 5
2 94 145 4
5 82 118 2
7 87 127 4
8 138 197 2
7 35 62 3
5 98 153 2
2 126 179 2
