50
91 1631 1772 5
70 1112 1273 2
60 499 617 1
91 1888 1997 5
58 962 1028 1
97 843 946 5
26 2125 2183 3
93 1475 1630 1
86 2460 2582 1
15 1786 1893 5
14 1028 1104 5
11 2412 2504 5
35 827 932 5
35 1963 2009 3
24 1542 1601 5
31 509 556 4
99 2125 2233 3
84 548 698 3
26 2121 2147 3
61 931 1047 5
72 2082 2220 2
49 688 812 2
90 1550 1722 4
29 1572 1678 1
25 2193 2311 3
54 182 261 1
54 1735 1861 5
62 1738 1842 2
63 1851 1962 4
47 1067 1144 3
49 1101 1214 1
65 1468 1620 3
98 653 781 1
16 396 434 5
83 435 597 5
71 78 207 4
57 87 185 1
95 1654 1749 1
63 872 982 4
12 2460 2561 2
96 1412 1512 2
39 141 190 1
53 10 102 5
89 2266 2388 1
36 1442 1497 3
32 391 512 1
13 1983 2058 1
95 1232 1384 5
96 735 883 4
74 1345 1458 3
