400
53 4547 4605 29
49 6321 6378 11
58 4577 4719 12
68 4100 4257 38
36 8384 8425 16
35 7750 7805 26
93 6298 6473 17
63 18365 18441 3
19 10104 10202 3
86 11022 11116 26
91 10686 10796 26
37 12988 13054 24
47 14851 14928 38
36 1394 1516 34
68 13024 13186 14
20 18725 18818 20
74 2982 3127 6
39 9348 9389 8
21 18330 18391 27
22 18786 18840 22
99 13779 13970 27
10 19128 19235 35
45 5832 5926 31
16 19149 19199 4
12 10227 10290 34
41 13776 13874 1
15 2778 2838 8
68 1481 1550 20
46 16722 16822 34
63 13085 13163 25
81 12901 13013 23
48 505 561 30
29 15459 15522 2
14 10084 10118 10
46 8913 8968 40
22 4255 4335 15
20 415 460 16
76 12813 12936 1
26 8491 8569 35
56 16133 16263 30
32 10953 11034 11
44 17501 17601 29
42 10372 10465 29
90 17366 17481 1
22 3755 3779 9
32 9156 9226 21
13 12903 12941 22
76 5485 5602 24
61 10649 10714 40
40 7207 7308 32
84 19470 19634 20
20 7307 7411 8
12 19428 19448 24
28 1062 1145 3
34 3132 3167 37
15 1605 1692 8
31 13055 13118 22
69 17278 17386 30
91 15619 15737 8
77 10763 10871 7
61 6157 6266 26
62 1287 1396 6
11 8942 9031 12
55 16352 16503 26
75 14977 15100 17
18 17885 17976 3
41 2776 2913 38
62 19024 19100 34
44 8059 8200 19
89 14539 14717 10
13 5978 6005 30
63 4036 4193 3
79 16328 16478 5
42 1842 1931 19
63 13056 13193 26
52 17111 17190 5
23 7737 7839 38
17 8197 8223 20
78 7948 8117 8
89 16219 16343 22
55 17746 17854 5
87 11112 11267 34
77 416 547 8
46 5204 5262 28
38 11196 11276 32
30 1587 1650 14
21 12287 12337 14
92 8443 8619 22
23 1770 1820 22
57 402 524 37
98 15731 15867 27
88 10235 10327 35
77 9871 10040 4
87 12183 12314 14
45 4703 4846 20
40 7214 7349 17
49 14925 15022 3
17 3821 3900 31
98 11133 11315 7
80 5367 5453 15
18 14486 14583 16
70 15455 15581 6
78 10648 10803 13
62 9481 9582 27
43 11022 11076 33
64 15038 15133 19
98 15867 16005 2
39 2166 2240 3
71 17694 17854 6
65 17445 17516 20
73 16776 16859 13
97 7960 8155 14
21 4057 4166 12
27 18471 18570 7
72 16048 16175 22
31 17195 17266 19
84 15106 15278 18
75 17638 17808 11
25 13968 14039 10
18 3383 3405 7
17 539 607 15
88 1861 1970 7
30 13865 13962 40
85 16489 16632 19
79 1999 2134 33
27 6734 6840 40
98 12542 12671 38
20 6738 6758 19
29 2216 2329 23
74 16316 16397 21
36 16217 16331 19
85 10069 10191 7
20 8832 8945 39
54 8777 8901 5
38 9701 9741 29
56 12037 12093 37
79 7850 7965 40
81 16776 16904 14
50 13900 13959 36
50 8484 8631 3
60 17993 18055 24
91 11859 12016 40
23 2442 2554 37
59 18252 18411 25
13 18040 18059 37
20 14869 14936 39
98 4479 4605 31
10 6040 6111 36
42 18135 18224 15
92 11680 11857 35
69 7560 7706 24
79 1978 2061 19
98 8803 8932 3
17 119 187 27
14 16398 16451 7
22 13598 13647 37
44 8685 8789 9
54 10820 10890 12
35 15819 15883 26
54 10957 11068 23
90 11769 11863 14
37 2857 2913 6
65 10643 10806 25
81 3578 3660 17
21 19744 19774 9
35 11842 11974 14
36 18768 18900 33
13 10319 10390 10
64 3141 3244 25
89 9241 9390 4
79 7596 7675 1
34 568 646 6
27 13651 13751 5
84 2976 3116 13
90 4762 4888 7
74 15606 15698 22
42 10548 10607 9
76 1353 1489 25
17 10861 10908 34
86 17236 17368 8
46 10859 10921 30
32 7496 7623 6
46 1694 1790 8
31 4452 4549 1
53 1137 1251 26
41 15327 15462 33
15 12905 12986 33
76 3161 3285 33
37 7354 7442 3
42 3703 3840 19
29 2215 2285 26
51 11494 11640 22
93 15089 15265 15
77 1605 1687 9
33 15484 15544 1
13 18357 18425 38
10 5327 5409 30
26 11010 11124 34
57 11682 11793 31
10 11048 11113 1
92 13239 13416 5
41 14104 14245 28
66 13299 13378 8
50 15970 16115 28
98 1291 1489 28
21 15899 15931 37
91 9090 9236 35
53 10542 10625 6
46 8351 8424 16
44 13988 14072 6
54 16561 16687 40
64 5118 5227 38
11 6893 6940 8
20 47 102 10
29 5011 5090 35
95 10700 10881 9
57 4726 4837 3
73 14629 14787 3
98 18586 18784 5
12 2691 2734 16
21 10326 10375 23
46 12458 12584 20
57 1602 1659 11
59 12158 12249 31
59 3879 4001 19
78 1175 1289 7
53 5483 5610 36
23 8671 8711 38
84 12996 13120 21
73 17856 17943 32
73 2498 2662 23
35 12184 12318 3
86 11783 11875 36
52 8326 8473 22
19 9639 9674 25
50 8236 8311 28
76 11570 11650 30
77 748 895 40
27 16271 16356 26
95 11189 11339 8
94 7257 7377 9
21 6398 6471 5
34 5939 6022 16
40 9447 9579 38
65 197 276 21
57 13252 13313 18
57 13734 13822 9
44 17083 17169 28
59 13881 14036 23
52 14098 14246 6
34 19282 19368 4
99 13276 13401 9
29 8240 8299 22
20 15675 15745 16
41 5114 5201 15
45 12076 12168 11
99 8116 8301 26
99 8896 9081 31
87 9289 9426 10
64 13287 13397 40
33 14800 14922 15
97 4972 5105 16
57 10312 10457 26
27 13373 13499 7
28 13325 13433 29
23 15394 15458 3
73 2947 3117 13
54 6643 6734 31
41 2303 2403 34
37 6060 6108 13
79 19531 19698 19
41 6419 6549 21
76 7025 7175 37
90 4957 5143 22
22 2852 2964 34
96 16558 16692 34
78 1356 1511 36
82 15992 16134 20
89 840 943 1
85 11624 11775 2
94 8115 8305 21
55 3838 3960 28
50 241 374 5
20 15003 15119 13
64 18625 18706 40
92 1250 1396 7
45 9170 9220 38
51 19105 19170 9
82 6015 6170 26
14 14143 14257 18
95 2805 2960 2
10 13669 13708 20
55 12202 12342 35
32 7903 8009 19
19 7237 7301 31
62 6602 6697 14
87 6058 6167 16
74 16773 16889 2
48 19373 19434 4
69 16962 17128 20
76 12179 12257 33
97 14219 14374 29
77 8886 9002 39
29 9751 9787 5
49 3495 3568 19
90 4996 5130 18
90 6340 6436 24
41 4860 4925 23
19 6945 6984 29
20 11754 11858 16
69 8776 8906 35
63 5851 5992 10
95 9811 9983 22
39 14872 14959 37
47 12894 12990 25
34 9272 9357 35
91 9520 9705 28
21 14840 14881 8
66 18288 18373 7
84 13164 13286 17
11 1505 1558 6
60 3340 3462 39
82 7832 8006 4
51 8378 8464 27
91 8634 8803 2
79 15200 15288 25
82 12713 12868 31
43 8029 8130 31
87 17222 17309 22
96 17198 17337 36
12 5757 5856 5
27 30 57 35
23 11325 11374 10
49 3568 3628 31
92 4463 4597 38
43 5849 5896 39
89 8252 8378 19
22 17881 17986 33
71 1186 1278 39
54 7168 7238 7
73 17605 17746 9
76 11075 11210 23
26 9135 9200 25
21 10198 10311 12
38 4890 5024 25
54 96 180 16
70 5626 5760 24
57 11036 11181 4
41 13589 13656 19
12 19644 19683 3
79 14460 14595 3
63 9942 10063 20
55 17945 18003 12
88 10009 10170 7
29 14321 14378 17
30 758 861 20
47 15281 15415 19
76 10960 11093 1
25 6435 6533 25
99 18142 18311 19
43 10784 10889 7
79 10974 11088 17
52 19756 19825 1
50 8521 8622 29
47 16790 16867 14
48 1644 1751 4
46 4479 4577 23
70 12858 12953 19
73 16400 16477 22
61 676 808 18
83 15590 15685 26
88 9867 9998 34
17 18103 18176 15
91 2386 2577 24
20 10620 10674 40
21 6438 6475 25
15 5031 5104 15
36 167 223 30
24 15492 15593 8
81 5990 6158 23
73 10553 10694 20
40 10407 10482 1
93 19375 19538 33
77 8982 9078 18
77 17200 17348 4
53 14147 14208 25
35 3001 3043 33
33 9384 9515 8
29 15895 16008 38
36 14175 14311 12
83 11971 12114 38
77 9446 9537 33
35 10656 10770 26
96 9260 9411 8
46 16457 16506 23
85 17819 17924 2
52 13205 13262 28
86 1174 1265 11
68 6493 6595 2
42 2954 3069 10
