250
60 4129 4239 3
27 1971 2051 2
60 1203 1288 9
97 1080 1209 5
77 9348 9459 7
22 8321 8436 10
97 2436 2610 6
36 9474 9591 15
94 8026 8148 20
20 2645 2681 1
23 10947 10971 9
33 7410 7502 5
82 2777 2860 5
87 10285 10472 19
73 5764 5925 9
35 8832 8870 12
82 9913 10054 4
91 3170 3272 23
69 255 352 15
20 8011 8033 14
63 4940 5016 5
62 6045 6118 5
82 4181 4361 5
27 7024 7132 1
45 5802 5932 8
77 3799 3966 1
34 7513 7618 2
61 5356 5442 18
64 5000 5135 6
81 6889 7057 1
36 6864 6950 10
25 6410 6495 23
80 5711 5832 8
31 11808 11938 4
34 9476 9590 1
53 6181 6269 8
28 4189 4247 17
37 3439 3542 24
36 1468 1566 4
11 6244 6266 20
61 109 178 21
67 9879 10037 3
36 3927 4051 1
50 565 662 8
57 308 379 24
79 9080 9163 21
84 6521 6625 6
57 4866 4941 3
95 2754 2908 16
18 9063 9117 21
91 1830 2000 14
45 9135 9204 12
56 9828 9897 17
18 1043 1161 7
14 1690 1723 24
54 8073 8170 10
24 6875 6964 24
20 2463 2517 24
69 3436 3543 9
28 5432 5464 6
65 5197 5299 3
41 420 538 7
42 10738 10867 19
76 736 900 18
50 2989 3136 20
28 3498 3545 14
55 825 979 5
62 1024 1108 12
23 10721 10828 10
73 11921 12048 16
19 1676 1700 16
77 8036 8184 10
70 11043 11127 15
42 8835 8887 21
58 8329 8479 6
61 11736 11893 4
16 2271 2377 12
95 777 959 19
81 1471 1593 11
93 8178 8331 19
96 10534 10693 12
87 12373 12505 13
54 8817 8957 24
26 8222 8323 8
56 7465 7566 3
16 3219 3312 13
87 2811 2992 5
68 11352 11435 6
57 11101 11228 9
41 9778 9845 20
10 5286 5305 25
21 9906 9975 13
61 1721 1855 4
65 2654 2783 2
52 11171 11268 9
11 10952 10972 9
43 8707 8782 17
51 2539 2684 8
10 10282 10352 12
43 3585 3711 8
39 10745 10864 11
31 11680 11738 7
78 8482 8574 19
38 5619 5692 9
30 5655 5688 9
83 10170 10316 12
36 4909 4996 4
74 1023 1188 12
40 7308 7390 11
93 9210 9381 6
80 6810 6984 5
85 3723 3906 17
80 6812 6954 6
16 8872 8924 8
26 9303 9421 20
97 2223 2377 23
76 2078 2243 25
93 7181 7356 3
63 5457 5584 1
47 11253 11371 13
19 1030 1067 10
31 6867 6965 5
74 138 255 4
67 4702 4863 4
55 2991 3074 16
14 8715 8769 18
19 2549 2600 5
98 4126 4280 4
82 7784 7939 1
77 316 395 8
46 11074 11136 21
17 6258 6304 15
43 7409 7517 13
42 11229 11323 24
76 9439 9584 3
61 4480 4622 22
45 10413 10466 5
61 7 160 15
42 8366 8440 7
86 9017 9120 11
62 10113 10237 20
76 12368 12490 13
16 5039 5061 9
94 8042 8136 23
35 3680 3778 11
65 9305 9413 21
76 8898 8975 10
52 11394 11532 9
55 10152 10267 2
16 9796 9875 24
83 8321 8413 16
14 3503 3583 15
16 187 216 8
53 9400 9528 19
10 2117 2158 13
55 3736 3858 12
84 7578 7673 5
91 3406 3529 4
65 1739 1867 10
89 1062 1155 16
62 5001 5162 11
12 11570 11621 23
50 624 715 6
88 972 1095 1
78 9024 9136 11
60 8155 8283 12
50 9537 9660 1
80 6059 6195 1
36 11417 11545 10
78 11777 11919 6
96 2458 2646 20
37 4293 4428 4
85 2005 2104 9
22 668 721 8
39 5024 5145 20
16 1787 1831 25
56 54 185 6
99 6659 6840 7
12 2581 2633 13
52 2634 2708 19
68 8322 8460 19
14 6979 7065 21
67 6670 6763 20
24 1536 1574 15
49 8588 8699 3
78 6089 6202 20
83 10270 10393 11
32 10178 10292 19
59 11975 12044 16
71 7103 7251 2
20 5165 5208 24
27 10418 10490 19
42 8025 8132 16
17 7727 7816 3
99 4743 4863 15
95 8731 8833 25
41 115 202 1
68 7878 8004 7
83 3050 3181 21
92 5338 5511 22
37 92 225 13
15 11633 11727 1
61 10450 10537 13
16 4354 4399 12
13 1061 1091 1
24 10869 10974 12
18 12249 12281 22
16 1961 1989 24
49 2615 2688 4
22 12070 12171 10
63 8016 8079 13
79 8433 8520 4
21 3818 3873 11
66 2068 2136 10
29 1317 1366 17
68 11317 11440 4
89 10912 11001 23
37 12185 12251 10
86 4765 4859 12
32 10852 10927 7
73 9184 9269 19
15 8680 8713 14
25 9756 9795 19
23 11933 12043 4
63 12023 12145 13
38 1505 1596 19
96 3557 3725 4
48 4149 4219 15
71 11464 11618 24
64 11646 11723 12
40 4464 4549 1
87 11580 11754 20
91 6110 6269 25
72 3433 3505 16
48 3088 3162 4
29 8554 8669 23
69 407 539 2
31 8702 8788 4
83 11442 11538 11
65 6818 6932 17
87 8041 8175 6
24 919 952 9
39 11455 11561 3
59 11493 11597 6
45 3918 3998 16
83 3408 3588 19
84 5198 5335 18
61 602 682 24
35 9818 9893 4
21 7973 7997 23
