150
24 6407 6438 3
77 7021 7194 7
65 832 920 14
63 3454 3608 4
99 6636 6791 1
47 1363 1496 10
88 2857 3020 13
62 369 467 11
58 1165 1286 7
96 494 680 11
78 5055 5170 14
39 2619 2689 6
29 4547 4585 12
98 1894 2031 7
80 1353 1460 12
31 1489 1599 13
98 6 156 2
40 5757 5884 3
77 5751 5830 12
21 6799 6847 7
18 6597 6701 6
15 3805 3916 1
25 2239 2311 7
24 6460 6567 7
72 6984 7142 8
58 2749 2870 6
72 5438 5553 7
28 3431 3515 3
55 1334 1446 14
91 6718 6810 9
14 5740 5844 15
69 979 1099 1
34 3044 3170 7
12 1079 1112 15
98 2269 2391 8
33 79 212 1
58 4306 4445 11
67 6540 6697 7
53 6752 6824 1
39 4252 4320 12
17 6407 6478 4
77 6303 6417 11
26 681 744 3
13 2405 2430 9
42 2271 2365 5
34 7137 7257 2
83 1556 1667 5
60 3647 3715 8
41 1006 1132 9
55 6607 6668 11
78 2234 2383 5
93 5410 5542 7
29 987 1111 8
23 6002 6037 1
97 4003 4149 13
29 2056 2113 3
15 4964 5021 13
69 4916 5037 15
42 4997 5105 1
92 2332 2488 6
36 4934 5002 10
62 5533 5666 14
97 1084 1204 15
94 2994 3139 9
94 5919 6095 4
76 2914 3085 14
96 5409 5559 9
35 3466 3576 4
19 6964 7031 11
51 6229 6365 14
21 1810 1891 11
96 6854 7019 13
68 6925 7046 3
63 3664 3806 2
72 2227 2313 7
37 2938 3070 4
64 3055 3198 1
91 6080 6261 5
25 6565 6627 3
32 1674 1774 15
94 759 905 14
90 153 246 2
78 6756 6855 13
99 5697 5892 15
71 3812 3953 13
67 6543 6660 15
31 1964 1999 1
61 2409 2541 14
17 442 503 12
59 3276 3345 8
56 6810 6965 5
57 4630 4766 15
98 4742 4874 7
78 1738 1905 15
56 5068 5128 7
68 4247 4385 13
33 1747 1832 10
59 402 523 13
51 4488 4608 3
96 6617 6785 6
25 2597 2685 6
12 4620 4674 3
47 158 302 5
98 4793 4919 6
84 4799 4973 7
97 6095 6284 6
92 7201 7308 7
55 6331 6475 1
36 6198 6285 4
40 3702 3745 8
86 310 427 2
52 4954 5022 15
41 2874 2946 10
59 1493 1560 8
55 3889 4008 2
39 1063 1110 9
41 6135 6272 5
85 2492 2621 5
30 7056 7115 11
93 1578 1716 3
39 7054 7115 2
71 2468 2572 10
19 3000 3103 13
44 1201 1297 15
72 2406 2570 10
58 6719 6809 5
94 6445 6639 6
78 2144 2321 14
10 5509 5546 10
62 6897 7053 8
59 811 907 1
55 3416 3483 10
75 4368 4496 15
81 3275 3392 11
86 1402 1572 11
83 5094 5213 9
62 783 856 12
95 1959 2106 4
49 5981 6079 3
52 1408 1500 12
12 2633 2710 9
34 1893 1997 5
79 3359 3525 12
35 1982 2034 15
99 1837 2014 6
53 1897 1976 8
90 6688 6840 13
40 4869 5003 5
55 5721 5782 11
30 6278 6319 12
