350
75 959 1044 23
39 16988 17085 31
91 3006 3114 12
47 7759 7830 13
92 11616 11759 16
52 3744 3879 32
20 3084 3110 29
18 8922 8941 19
43 10081 10139 6
80 7863 8033 12
41 2686 2733 17
60 10918 11048 9
34 12481 12602 7
27 6581 6681 23
27 7921 8004 28
15 6586 6662 17
15 2349 2383 10
22 4342 4434 2
28 12286 12406 3
98 16569 16732 32
75 8961 9074 17
99 9465 9613 34
84 4499 4609 25
12 11040 11061 35
32 872 955 9
44 7845 7956 6
53 12667 12746 31
70 16998 17133 25
57 16725 16816 5
77 15441 15538 19
46 14109 14171 27
48 8909 9030 29
60 15267 15334 10
75 8780 8888 23
32 13847 13894 18
54 4145 4269 28
67 2443 2567 4
87 3678 3864 13
95 4008 4112 15
22 13662 13742 7
28 4182 4308 1
40 4544 4631 12
40 8723 8863 21
59 15013 15134 15
15 13064 13179 29
92 9189 9291 4
97 13377 13511 21
71 9133 9296 27
23 13159 13203 2
80 14675 14824 11
69 13315 13475 6
83 5002 5156 30
88 3339 3518 33
42 16445 16547 34
54 2318 2434 23
18 13057 13075 19
59 2778 2884 30
80 349 487 23
29 16772 16869 32
70 16912 17019 27
22 7434 7543 12
66 13358 13453 3
26 9420 9491 16
85 4891 4977 35
77 17083 17241 23
57 4177 4272 16
32 4006 4039 4
31 14342 14386 16
70 8798 8881 14
67 6066 6201 26
21 3955 4039 12
78 14541 14713 21
26 6270 6371 19
59 14852 14960 1
70 7305 7415 24
73 1742 1909 10
40 12071 12149 8
28 8374 8446 9
79 2971 3128 2
80 9563 9643 33
44 8355 8423 21
87 6371 6547 29
13 11570 11632 17
13 4958 5049 11
52 7268 7403 5
76 15558 15730 12
44 11230 11297 9
23 15312 15378 15
27 6573 6633 29
15 2853 2942 21
73 126 248 11
62 6518 6646 2
86 6419 6586 15
34 636 679 6
52 16071 16139 2
85 12785 12965 35
61 3721 3791 34
34 15804 15926 27
95 2441 2547 32
47 13753 13857 4
36 2986 3085 20
91 15578 15720 28
63 8145 8212 8
10 122 206 1
44 9919 10019 4
68 9723 9870 7
49 7296 7361 26
71 6777 6854 2
94 9957 10145 18
68 12854 12932 18
94 9973 10118 11
57 11277 11377 31
56 10988 11075 3
68 14613 14698 7
26 2625 2716 15
68 10344 10438 24
72 1324 1467 33
22 11685 11792 8
19 13250 13291 2
20 3822 3930 35
95 13115 13276 27
45 12486 12531 4
98 2744 2866 10
94 12283 12416 32
30 5692 5790 22
84 15133 15301 25
73 14751 14894 15
29 15777 15870 15
29 922 1032 24
12 9567 9598 7
81 14471 14612 35
82 11318 11409 10
37 10408 10461 19
15 915 932 20
84 10886 11025 22
51 5846 5916 33
48 6453 6572 8
38 11426 11498 19
66 14881 14982 5
47 237 284 18
29 11594 11682 19
49 5412 5539 29
65 9085 9186 2
69 793 895 17
15 11185 11213 20
54 4982 5116 23
43 1703 1839 17
98 13949 14079 19
47 1507 1556 21
79 13214 13354 10
48 5441 5519 25
22 15624 15690 33
98 2623 2736 14
99 69 256 5
43 9607 9725 4
89 8935 9063 3
97 13791 13915 25
83 4297 4405 6
98 16614 16776 14
39 12018 12132 22
18 433 501 21
98 14810 14967 4
83 13412 13591 2
49 5825 5938 9
25 13214 13249 5
86 10487 10635 19
74 15633 15750 3
41 11423 11509 35
35 15389 15485 24
82 12439 12549 11
85 5094 5252 26
28 12748 12817 30
38 4744 4861 14
22 2448 2553 23
80 3726 3813 2
21 11449 11478 3
50 15998 16082 23
24 13397 13503 22
19 11762 11807 29
26 3913 3966 3
74 7206 7294 22
32 2884 2983 2
90 578 735 25
46 13979 14105 19
89 6712 6824 21
37 869 994 33
57 3295 3380 12
96 8148 8325 31
98 3753 3936 34
41 1841 1906 31
30 2943 3065 34
33 4884 4939 12
16 3636 3669 25
32 8536 8595 9
67 3607 3755 6
50 14964 15072 11
39 14691 14788 6
32 13675 13708 5
64 4447 4530 8
58 13557 13708 32
79 13724 13867 35
78 16307 16446 2
97 11184 11378 27
84 7207 7317 28
89 5747 5842 10
74 5425 5595 11
28 16964 17042 1
46 7633 7750 26
98 2241 2437 29
63 8863 8961 7
95 6118 6270 22
53 10827 10973 12
64 10179 10287 35
78 8432 8601 22
48 9770 9906 35
87 15854 16003 14
86 6471 6575 9
94 5051 5236 21
41 13836 13955 22
74 5115 5234 21
56 6629 6752 33
19 9885 9929 24
18 3422 3477 9
58 4313 4404 11
75 13 108 14
89 13761 13891 12
31 9985 10070 18
66 9446 9561 17
91 3194 3319 22
42 10283 10410 20
30 14183 14228 13
33 12038 12072 9
89 15568 15690 31
79 5697 5796 17
76 14381 14472 17
56 5555 5668 16
91 3353 3533 19
90 134 286 23
71 1397 1553 19
87 10178 10287 19
70 7219 7292 2
96 2915 3047 6
81 2563 2667 6
24 961 1083 30
18 3509 3579 34
72 17312 17387 8
42 1534 1580 12
89 3857 3967 28
45 10734 10820 33
79 6843 7016 16
22 14709 14768 17
90 8318 8495 4
71 7492 7583 3
63 2381 2476 19
49 11535 11612 3
40 8748 8854 13
82 14919 15088 9
57 5928 6069 22
94 17021 17192 14
43 7912 8007 18
17 6149 6265 6
93 10399 10573 20
11 8935 8971 21
58 4859 4997 12
35 5580 5671 6
67 2667 2755 29
55 13151 13276 23
17 3494 3550 16
54 15504 15576 10
63 14167 14298 35
24 14434 14543 19
37 1362 1498 8
68 8120 8259 7
70 12162 12264 14
35 13415 13547 11
20 15510 15630 17
55 16217 16281 6
97 16841 17000 31
98 16786 16952 9
28 5898 6021 5
91 13069 13185 15
31 14190 14257 24
73 14283 14383 5
13 16606 16651 23
87 2216 2399 10
50 11001 11060 11
44 10863 10962 11
14 12715 12815 23
19 14603 14707 30
17 7103 7130 9
87 13066 13241 9
94 8270 8402 28
64 6167 6245 10
26 13555 13607 35
74 8204 8375 8
62 6172 6242 7
38 4072 4153 18
75 6934 7048 19
10 10681 10773 22
24 10635 10715 16
89 6815 6991 27
74 16390 16478 6
11 4111 4215 8
31 9431 9536 9
21 8581 8616 21
66 2790 2914 3
34 13604 13642 13
70 3544 3631 4
20 944 1014 15
56 10791 10922 28
75 408 506 2
63 16137 16222 9
55 6980 7090 1
61 11294 11394 1
91 10731 10849 25
35 8074 8129 12
37 14759 14870 14
91 7287 7462 33
52 12468 12609 23
20 4009 4057 13
94 3874 4014 31
25 13868 13937 4
87 15927 16105 6
63 13304 13440 26
87 14449 14602 26
29 17008 17067 9
48 8532 8591 14
49 15772 15862 4
69 8744 8895 11
50 10390 10490 11
74 10680 10761 20
54 10964 11019 32
98 16743 16914 9
89 2835 2939 4
11 14868 14895 33
50 5281 5397 16
57 15090 15157 15
65 718 823 5
66 12007 12156 19
33 2834 2868 19
89 12022 12202 13
10 11719 11773 24
83 2160 2307 15
94 482 598 29
88 10124 10226 8
42 14007 14057 35
77 2366 2471 13
91 10002 10095 18
36 2180 2293 12
21 16249 16287 8
