200
25 8209 8306 5
68 4986 5129 2
42 5869 5965 17
12 7481 7563 3
98 6520 6656 12
44 3160 3244 13
31 4991 5056 16
68 234 359 10
80 3312 3407 12
65 4172 4245 18
10 7545 7559 17
87 4779 4887 3
53 6774 6916 20
95 4025 4174 20
52 4653 4759 8
55 2161 2290 19
80 5840 5941 19
76 9297 9453 4
55 1510 1634 1
24 1144 1208 9
53 5635 5732 1
58 1771 1860 18
83 7759 7882 1
58 5 162 16
68 5555 5650 11
32 7141 7217 15
52 8417 8548 16
92 7361 7526 5
58 7938 8044 11
91 3078 3239 6
56 1640 1700 12
21 108 225 8
76 5275 5422 11
25 184 221 7
87 5525 5688 8
63 6306 6393 8
16 7736 7756 1
54 3918 4009 14
78 892 970 1
28 3444 3503 1
35 7524 7575 1
36 8730 8776 16
60 5595 5666 19
66 42 151 4
49 8288 8338 4
42 9003 9074 18
99 3096 3293 15
12 8334 8350 14
43 7693 7743 18
37 6095 6141 10
71 4282 4421 5
50 6403 6528 19
87 1279 1431 12
63 2113 2195 12
59 6544 6642 15
48 5699 5772 8
32 5882 5928 13
27 1363 1406 10
88 1887 1983 19
26 8572 8615 16
36 8920 9009 12
95 4300 4461 17
68 6110 6257 9
45 777 915 13
99 1464 1602 19
49 5706 5792 10
65 6261 6403 5
85 1060 1170 15
76 4487 4570 17
93 6955 7062 2
28 6412 6444 12
21 9761 9787 3
40 3366 3486 16
76 159 333 12
86 8108 8243 11
90 977 1153 8
35 3053 3112 3
83 2432 2563 2
83 246 392 9
49 3914 4014 20
16 3280 3352 3
91 6928 7090 15
59 601 718 16
38 7185 7309 11
85 3337 3423 13
16 3201 3257 5
51 5851 5953 15
27 2826 2880 6
39 3395 3532 13
49 1579 1630 7
28 9395 9439 5
46 4529 4652 8
70 4512 4597 16
96 2332 2451 11
16 2771 2816 3
57 1696 1815 16
77 7847 8006 14
95 1825 1951 8
77 6398 6487 17
25 2313 2399 8
66 8173 8246 3
13 3295 3396 4
30 4943 4981 5
52 9748 9818 2
16 3150 3214 9
63 155 265 10
10 1443 1544 5
97 2577 2691 14
32 817 876 15
84 3155 3304 1
89 1658 1846 5
64 4837 4985 13
39 3742 3868 16
88 6135 6269 10
39 6218 6274 1
74 5017 5174 18
32 6826 6877 20
43 364 483 20
67 3321 3401 10
67 6920 6999 15
52 359 477 16
26 2666 2746 10
20 8598 8690 17
31 8837 8960 12
43 779 896 18
76 6010 6183 3
57 5947 6019 16
56 5930 6013 2
66 2428 2580 8
42 9516 9567 4
21 5175 5225 4
74 9829 9921 8
46 6097 6159 12
40 473 536 5
54 5608 5684 13
92 3161 3318 1
40 141 198 14
36 7548 7605 7
25 5157 5271 3
73 1549 1701 6
35 8874 8964 15
76 8801 8963 10
74 7861 8009 15
90 3110 3289 20
54 1535 1596 10
85 3692 3798 19
22 9509 9569 1
17 8932 9004 7
23 6154 6192 6
57 8389 8471 14
26 6325 6416 19
75 21 133 19
31 4273 4347 17
29 3139 3180 13
33 3451 3546 11
16 6984 7095 2
33 468 554 14
96 9659 9779 10
36 1197 1313 12
81 1594 1685 18
32 9208 9312 7
23 8832 8951 19
95 7154 7263 9
55 4807 4881 15
63 3892 4040 15
41 5673 5718 12
82 7508 7668 7
16 293 375 6
63 9611 9762 4
67 2613 2688 11
42 3362 3442 14
81 3790 3889 6
17 4399 4466 13
33 1677 1778 10
82 8074 8255 20
79 5370 5483 1
84 9098 9187 3
80 4964 5065 11
27 1835 1911 3
83 1537 1702 11
73 2496 2607 19
52 4265 4324 3
97 6684 6781 10
16 2688 2767 1
47 8734 8842 9
89 1946 2046 13
49 8030 8081 4
90 4225 4360 2
15 487 550 17
89 6722 6812 15
39 8337 8406 6
55 6557 6685 1
80 2802 2893 2
25 7172 7283 12
52 4455 4592 8
65 9036 9190 20
75 4785 4888 1
56 3292 3386 18
73 8462 8629 12
73 1923 1999 17
