500
85 6291 6408 19
37 17257 17308 38
25 291 414 25
52 21672 21784 28
41 16016 16119 23
23 17827 17902 46
83 1601 1753 4
33 21469 21587 37
46 18399 18490 7
60 7277 7434 7
29 23475 23521 45
18 13713 13782 21
91 19369 19481 4
60 12704 12812 2
62 7148 7221 15
16 19197 19282 31
36 1409 1520 47
28 3001 3055 21
28 3993 4024 29
83 10832 10961 7
70 13113 13246 18
67 18994 19134 41
19 12183 12209 12
30 8394 8432 29
95 13047 13202 38
40 20108 20158 46
95 12484 12634 4
22 15629 15663 3
30 14835 14917 37
47 15596 15715 15
60 24707 24834 6
20 2454 2553 24
12 4818 4904 3
12 14728 14765 49
71 6187 6325 4
32 20297 20381 12
11 20111 20156 19
87 2920 3062 29
44 18420 18521 14
44 4384 4459 42
67 14705 14828 34
37 12907 13027 46
17 20375 20404 16
24 22686 22783 29
17 15004 15116 26
98 12724 12874 16
60 8979 9052 37
81 22556 22734 48
40 7404 7462 44
37 13529 13582 25
73 15233 15344 5
35 24140 24262 5
66 22408 22529 44
33 12238 12356 47
20 1985 2077 7
41 11455 11504 14
67 15343 15452 10
67 1376 1469 5
90 5142 5303 50
50 22073 22136 39
16 23548 23608 27
15 6975 7034 2
85 18873 18972 5
49 19042 19108 44
86 18661 18821 16
49 23481 23597 22
75 18646 18782 22
22 3093 3196 15
53 9933 10028 11
48 9105 9246 41
84 20470 20627 32
89 15195 15384 40
91 9404 9549 15
82 9150 9262 24
82 18284 18368 29
27 6310 6396 31
27 10667 10755 26
54 6905 7051 48
59 8253 8321 34
26 24571 24648 24
43 14237 14316 20
36 961 1084 6
26 21151 21221 23
75 17523 17688 6
22 3111 3228 30
58 164 251 46
17 22876 22981 10
53 12805 12940 25
44 1981 2105 11
68 24074 24201 22
85 6879 7050 7
63 3866 4017 2
89 21246 21422 23
58 10331 10431 47
74 24596 24696 13
35 5279 5337 46
35 2746 2814 43
23 1631 1732 4
24 1598 1696 40
27 2869 2968 50
17 24045 24115 39
44 7309 7381 47
99 12682 12784 25
73 8311 8452 5
98 7715 7861 47
66 22238 22372 28
13 793 863 39
92 7079 7200 6
78 9449 9619 34
99 9390 9553 17
10 7952 7978 31
26 14428 14519 12
77 9847 9953 33
86 13220 13406 5
87 13088 13274 37
46 903 959 14
33 14490 14614 26
43 4033 4110 7
64 451 569 20
97 5671 5805 17
61 22047 22149 18
50 9881 9954 19
30 23534 23650 26
72 16145 16243 27
74 11737 11819 49
13 12248 12273 13
51 3769 3911 40
31 20200 20324 34
18 10714 10816 17
81 7359 7498 20
56 1580 1692 24
58 17636 17705 11
22 16018 16068 12
40 24115 24235 25
39 4633 4734 14
35 15766 15861 48
89 10329 10482 6
71 10108 10214 45
57 22178 22270 12
31 4752 4832 46
43 14015 14147 3
89 8842 8992 50
44 19143 19253 17
12 21611 21637 47
95 543 667 2
79 10868 10974 32
57 18383 18485 47
22 20057 20147 10
48 369 490 16
52 11936 12088 37
38 17537 17647 23
77 10592 10727 34
96 13804 13904 14
97 19558 19682 41
98 12358 12548 2
46 204 251 5
23 15063 15145 16
39 7955 8046 47
13 3906 3940 5
26 12237 12360 5
98 9867 10049 3
80 20468 20607 45
10 3828 3937 30
68 3813 3963 22
80 13885 14013 20
61 15205 15356 30
85 17918 18080 50
36 19465 19574 28
95 1205 1360 31
41 6104 6234 22
87 18368 18464 45
55 12135 12285 50
37 8040 8139 33
89 13140 13272 27
14 16854 16895 39
99 11299 11484 16
89 19562 19666 43
67 11204 11319 12
51 8753 8847 36
98 4115 4255 21
36 18849 18900 41
54 24692 24815 39
11 214 260 32
76 20335 20451 21
28 13647 13751 4
46 2244 2377 22
39 12356 12412 10
48 2638 2785 1
21 1821 1867 46
85 23268 23397 30
14 17416 17443 23
25 13613 13691 9
82 9906 10053 34
55 13819 13902 2
55 17485 17592 41
22 24309 24396 6
78 2975 3112 30
60 7071 7225 34
88 21667 21799 50
35 22626 22676 48
59 3255 3400 12
57 16769 16865 20
80 11921 12052 6
77 22778 22917 36
11 17062 17128 6
23 21823 21854 48
91 24493 24674 26
55 7306 7370 2
41 12298 12439 5
35 10012 10102 5
90 7859 8040 6
68 10648 10800 16
87 4184 4291 28
99 2739 2936 30
89 24181 24282 13
82 21425 21600 24
19 14983 15043 16
90 15392 15565 43
62 6335 6444 35
43 23633 23764 44
42 23098 23228 13
67 11984 12144 44
61 15319 15472 37
79 12187 12360 45
74 23595 23688 31
41 23183 23236 24
14 9520 9549 42
93 18183 18321 38
23 9923 10045 21
18 22336 22413 2
35 14968 15016 33
95 19434 19609 25
92 13460 13615 16
17 18236 18307 23
75 21594 21754 20
84 5776 5925 9
88 16858 17046 19
74 21286 21388 32
75 23417 23511 30
53 10636 10724 6
36 18115 18238 4
31 1511 1630 7
28 2073 2142 3
29 22069 22178 21
33 21252 21323 32
56 9833 9946 31
97 1180 1282 29
24 16097 16127 6
74 1945 2041 18
80 20380 20503 31
65 3736 3900 4
34 13360 13422 4
97 23823 23993 26
23 23931 24049 19
60 3326 3420 1
99 22102 22301 35
49 285 423 1
29 19881 19932 12
87 11506 11647 14
12 22578 22636 1
90 11846 12014 6
82 23872 23976 36
77 10282 10399 42
21 17775 17805 44
43 11040 11160 20
87 1330 1443 49
79 23007 23091 41
42 1160 1244 5
15 15868 15979 19
83 6724 6821 39
72 10999 11149 3
97 22220 22346 40
89 4076 4216 41
43 1487 1535 13
53 21707 21786 4
27 17077 17161 29
71 4662 4788 14
78 13041 13193 41
67 9316 9480 7
15 16290 16366 44
67 6670 6834 9
90 5442 5567 29
43 22054 22197 22
11 14484 14567 41
56 22601 22729 1
66 4556 4695 48
86 8846 9022 8
34 5130 5206 16
65 8527 8639 11
30 6182 6287 41
76 6029 6190 5
98 18621 18786 44
68 18761 18901 23
54 10983 11125 41
47 16876 16929 40
26 9686 9783 8
67 15524 15649 5
72 17459 17541 3
91 5121 5278 42
35 17295 17421 3
81 14265 14417 33
81 2874 3051 15
27 8406 8440 28
54 14165 14269 48
45 24006 24148 4
30 15753 15840 17
60 2270 2369 4
55 15752 15860 4
43 11244 11300 23
56 89 236 39
13 5023 5075 34
66 17293 17419 3
21 20060 20129 49
93 4815 4987 47
19 23558 23628 2
64 12442 12570 6
32 22473 22531 4
80 12479 12609 45
93 12118 12277 34
11 16760 16819 12
97 21100 21221 24
83 10101 10209 16
32 7119 7184 17
68 2867 3021 44
48 8307 8390 15
32 16198 16299 33
28 1075 1146 30
57 16455 16565 10
91 21471 21568 22
75 2156 2293 34
12 4750 4794 1
90 3316 3444 35
91 12522 12643 50
90 8923 9093 1
27 19665 19777 13
24 23950 23987 7
73 3114 3196 44
26 13786 13860 27
77 14206 14340 36
67 1699 1820 35
45 9053 9127 28
56 2503 2641 38
40 2894 2945 34
21 17285 17338 25
77 23111 23275 46
47 19699 19818 20
20 22053 22111 5
80 4100 4193 18
15 17499 17598 36
61 18683 18793 46
18 6672 6704 8
62 1808 1910 32
98 22578 22701 33
25 9537 9600 37
19 20123 20193 47
57 6847 6999 8
91 7765 7915 16
79 678 846 41
89 17399 17498 3
29 11959 12064 26
22 6240 6337 36
91 16587 16748 5
63 13743 13872 23
85 15592 15721 48
90 20782 20949 9
55 22036 22154 48
19 17079 17174 6
82 3120 3231 36
64 18419 18523 49
30 23321 23396 20
88 799 949 19
38 17444 17543 49
38 7299 7383 6
47 16160 16218 47
34 13187 13251 50
29 13741 13839 3
20 23026 23083 31
97 17430 17532 16
70 16018 16176 6
83 19693 19841 46
24 4513 4621 7
88 1508 1660 30
74 5909 6069 2
71 16745 16885 30
99 18298 18408 37
35 526 585 48
27 2755 2816 5
30 20011 20045 37
30 4826 4876 25
96 300 478 17
67 19922 20013 6
52 16862 16935 37
33 13211 13267 9
11 24379 24487 34
27 15888 15929 36
38 18902 19011 49
62 17129 17222 25
76 7014 7120 17
89 20461 20568 48
18 11278 11337 6
21 11908 12025 40
34 1804 1851 50
56 8698 8774 34
64 10736 10829 19
35 17009 17100 18
11 22827 22883 31
70 22063 22213 34
90 24167 24352 25
82 8693 8834 49
78 23293 23461 44
62 24302 24386 50
59 19023 19147 43
43 12854 12906 17
40 16499 16567 8
26 3761 3867 12
63 23710 23860 17
52 17784 17931 31
62 19180 19288 48
73 18193 18279 7
16 11271 11371 29
47 4065 4184 2
60 21860 21920 50
51 18547 18603 31
12 19565 19651 27
69 11457 11598 25
74 7383 7503 7
41 16650 16788 13
80 5389 5487 27
91 5260 5404 27
46 16036 16174 42
33 11484 11563 40
55 14084 14201 40
39 19472 19599 45
59 8026 8103 4
86 22842 22973 3
76 6179 6325 21
91 8109 8253 1
59 10911 11053 13
78 2939 3038 17
81 7853 7938 48
94 11946 12071 37
17 19511 19624 16
12 17272 17328 12
55 12001 12091 34
83 16334 16424 7
30 19552 19670 1
38 6021 6159 43
57 15036 15143 15
62 18567 18715 38
71 13940 14026 9
48 128 247 6
26 22000 22045 36
53 12357 12506 40
52 15115 15218 16
21 12931 13051 2
30 24092 24176 39
67 4108 4196 31
90 14756 14880 47
84 3831 3935 8
20 13711 13795 2
74 22659 22756 40
82 13001 13101 41
44 11721 11840 33
48 1808 1930 35
38 8212 8270 39
33 21285 21415 16
13 572 595 31
58 636 713 42
64 19382 19495 40
81 20155 20296 33
43 22470 22537 5
23 12358 12479 39
62 15542 15641 5
24 15487 15604 48
45 2407 2508 47
42 5146 5196 32
48 14857 14914 21
81 11410 11491 33
29 16554 16659 37
76 4467 4563 13
59 14355 14428 37
59 15209 15303 11
31 6045 6135 25
13 15131 15209 29
22 21101 21172 1
69 17277 17407 36
15 2643 2720 50
24 20142 20224 46
88 10977 11136 13
95 9658 9776 7
83 5640 5794 42
47 4470 4612 35
38 3055 3096 11
25 16428 16500 11
41 19755 19845 10
12 13253 13300 2
32 7569 7649 16
87 16010 16155 15
67 3158 3229 28
31 8727 8802 34
