300
63 10703 10826 19
97 11351 11501 7
89 11821 11999 20
78 3891 4019 27
19 13209 13310 17
88 1435 1549 13
94 8717 8863 29
94 11622 11801 12
78 13618 13755 6
22 4696 4774 8
77 5730 5838 19
59 2809 2876 2
98 2514 2613 1
98 11364 11550 25
25 11913 12012 16
70 2376 2507 25
32 12316 12409 8
35 242 300 13
77 12716 12799 1
64 14680 14774 17
19 12578 12616 27
48 879 1003 6
48 4061 4145 14
78 403 518 24
99 2248 2381 13
37 11618 11705 8
82 7106 7226 8
92 8063 8232 18
94 5228 5322 11
68 473 617 7
74 2344 2475 26
39 3761 3844 21
73 13127 13223 29
26 12714 12752 9
16 406 436 9
15 7984 8080 25
53 12739 12883 20
13 6724 6755 27
68 8923 9042 23
20 8008 8086 3
32 9361 9479 24
76 8579 8753 26
12 13521 13571 22
45 9064 9209 7
70 12106 12272 27
97 12793 12898 25
94 10779 10963 30
39 9121 9192 24
67 13621 13721 16
42 2553 2607 20
12 3645 3673 5
47 14826 14906 20
70 4294 4422 18
77 7058 7174 11
61 4943 5037 16
55 190 293 10
95 10320 10509 15
64 4870 4970 21
47 550 640 2
85 12174 12277 30
97 12637 12740 6
22 3216 3327 3
71 2528 2680 19
48 4891 4980 27
98 5897 6085 21
54 14365 14509 5
79 13609 13711 13
17 12408 12464 18
62 7428 7515 14
39 8835 8916 29
60 4494 4605 19
15 13031 13100 2
85 2657 2784 6
47 3818 3876 27
98 2087 2282 2
21 13993 14080 12
11 3293 3366 14
45 3570 3714 20
63 10844 10924 25
22 7945 8028 29
74 13005 13079 5
57 8462 8598 11
84 14742 14856 13
99 12238 12414 4
63 7316 7406 15
35 6722 6787 28
30 5125 5233 28
68 11393 11481 6
70 9996 10083 21
35 11650 11698 21
10 14504 14555 6
80 6159 6292 17
72 12053 12186 4
40 2389 2458 11
56 6621 6754 17
47 5264 5342 6
53 10736 10883 18
28 14661 14782 11
94 1771 1927 17
52 10109 10170 29
89 7186 7370 29
28 9013 9084 4
15 4200 4239 1
77 10390 10480 25
54 6034 6188 3
61 5214 5283 6
25 4366 4391 19
17 4152 4244 2
21 12112 12216 25
40 5115 5183 9
55 5747 5809 26
37 11269 11376 26
37 11403 11464 30
58 10947 11008 23
83 9462 9550 1
84 10387 10507 4
50 1445 1547 11
36 8753 8879 13
56 13820 13939 13
57 1266 1383 21
38 6483 6570 22
51 9231 9337 11
65 9111 9274 11
36 4080 4153 18
83 2332 2480 18
89 13159 13292 12
72 470 542 13
55 10955 11037 24
55 8499 8626 28
33 11040 11109 8
65 10725 10862 14
52 5580 5635 11
53 10428 10548 7
39 2829 2968 12
92 136 267 8
72 4257 4340 3
58 13537 13614 17
53 6898 7002 10
76 930 1065 10
64 9212 9330 26
60 4414 4511 14
97 13315 13472 17
60 528 601 4
99 10397 10595 22
51 3355 3500 25
17 8089 8134 23
98 10435 10540 22
93 13192 13361 7
24 2142 2200 25
49 13275 13366 27
47 12403 12469 14
24 2478 2574 10
94 11877 11993 29
53 2399 2456 26
39 11285 11332 5
28 6270 6352 27
30 5041 5079 25
32 291 344 13
75 11347 11477 20
15 1563 1606 25
31 8117 8226 14
18 1763 1860 26
13 662 720 4
60 10859 10979 21
43 3543 3594 1
96 5880 6002 19
18 13904 13935 30
89 1624 1764 12
54 11464 11536 16
51 5643 5784 22
19 8558 8668 13
65 10059 10219 23
17 10170 10242 16
20 264 303 24
59 6543 6672 4
12 13898 13981 25
59 426 528 20
61 13915 14032 12
33 14383 14444 13
47 11900 11973 27
92 14254 14352 23
41 5263 5372 28
64 1789 1891 30
82 7321 7503 30
19 13728 13823 21
94 10345 10515 30
76 2086 2212 29
77 1072 1169 9
54 944 1091 8
66 4425 4523 3
90 5636 5796 14
10 9557 9617 14
96 14195 14364 28
39 12807 12874 26
42 3212 3333 13
52 14213 14317 13
96 12816 12995 1
72 1874 2023 18
14 8173 8251 10
40 7104 7189 9
55 4174 4238 3
94 3796 3920 8
14 14545 14563 22
73 2093 2255 8
84 5110 5269 15
68 3911 4076 19
88 3089 3269 30
45 11511 11621 23
46 8880 8963 26
26 744 861 9
22 9801 9864 25
13 9600 9700 23
53 10881 11021 14
99 12330 12466 14
73 10999 11160 10
31 9450 9567 6
16 8759 8789 14
73 7815 7948 2
24 3123 3149 18
45 11135 11198 10
79 360 457 18
48 4429 4507 25
68 8292 8419 10
19 14714 14764 5
91 8050 8148 11
32 12667 12708 18
54 7849 7930 12
28 3444 3558 18
79 1141 1246 21
92 190 296 22
17 11659 11775 10
39 9820 9866 20
84 864 1046 1
89 8636 8729 7
30 8044 8094 14
86 13015 13163 12
15 11976 12079 26
98 706 822 14
96 12324 12504 27
98 12531 12709 3
74 5192 5327 24
16 9427 9513 7
40 4919 4976 16
77 2357 2525 21
87 1346 1465 10
95 127 272 6
87 7530 7619 15
65 10180 10264 1
45 10245 10347 15
86 11400 11543 30
66 13040 13139 1
76 13963 14109 23
37 10539 10644 12
61 7046 7129 28
86 10816 10977 16
53 1675 1733 16
13 827 887 5
14 4395 4410 27
72 2326 2417 2
13 1883 1937 26
35 3301 3380 24
23 4564 4603 20
93 11283 11443 29
87 9105 9256 30
36 5935 6000 5
79 10158 10279 21
32 11609 11733 30
27 9726 9768 22
73 11851 12023 7
73 995 1116 22
52 12984 13066 7
60 5162 5269 26
46 8572 8690 7
66 205 310 7
25 12325 12401 1
16 1562 1657 8
59 10067 10216 24
21 13485 13507 8
32 13229 13295 26
13 14478 14557 14
89 4119 4298 24
37 4638 4725 23
60 1236 1346 6
89 3057 3218 15
83 5428 5541 21
10 4083 4165 5
67 6171 6329 11
77 8629 8803 10
21 4463 4503 19
30 1001 1069 25
73 4232 4354 24
86 2824 2948 20
75 6632 6728 23
18 9085 9111 20
62 7457 7565 9
71 7136 7261 5
96 6963 7104 22
72 1027 1136 25
61 7388 7537 13
94 6179 6363 23
