450
76 3155 3299 33
38 17080 17207 1
23 7668 7763 42
74 18117 18255 34
71 18964 19118 12
12 22262 22332 31
72 22272 22381 28
97 3972 4094 17
19 6745 6771 15
16 11680 11769 8
96 18788 18983 25
79 15871 15971 28
48 11600 11721 30
59 12770 12857 13
25 2307 2416 3
96 11956 12058 28
84 17506 17640 11
71 1873 2009 25
53 2649 2742 9
10 6339 6364 9
68 6259 6411 16
91 3749 3934 29
68 10486 10570 21
45 14914 14980 19
34 17690 17762 34
48 14279 14353 45
12 8324 8432 15
23 9523 9571 45
79 3830 4000 40
91 7253 7355 30
32 2100 2182 11
35 19217 19259 8
69 2514 2621 5
30 20968 21031 36
96 5991 6147 20
73 9380 9527 10
32 13859 13924 3
86 17764 17878 20
53 21155 21209 45
96 18406 18596 31
83 6570 6733 34
42 4556 4627 42
59 2777 2852 4
41 4157 4258 40
51 732 867 42
79 11077 11202 28
26 19864 19898 21
45 12911 13039 6
71 12939 13072 16
85 16178 16322 15
36 2537 2634 17
28 15879 15925 34
51 2449 2528 34
50 13496 13547 20
70 14058 14206 33
30 14602 14669 37
31 10024 10118 25
94 18581 18736 36
17 3668 3768 45
11 6648 6718 31
58 7230 7344 34
78 10580 10722 17
17 18779 18805 7
60 6600 6748 40
50 15627 15693 38
36 7122 7248 12
11 6382 6476 41
68 3662 3802 1
92 10848 10969 12
46 1634 1757 33
84 8440 8615 16
47 11506 11623 32
32 8761 8815 31
46 1394 1463 15
64 22078 22195 1
31 15128 15192 40
83 15510 15613 39
67 13754 13844 1
75 8036 8147 5
12 413 451 28
31 1394 1517 44
55 11051 11202 37
95 20796 20909 7
73 21725 21853 10
85 12586 12745 31
86 8938 9124 20
28 5346 5392 33
56 12123 12215 35
33 14327 14388 6
98 10458 10618 20
67 769 884 14
97 21709 21905 17
78 18737 18908 6
70 11560 11710 27
83 6880 7023 23
26 14942 15038 39
64 6199 6341 44
65 16639 16706 35
36 5636 5730 30
26 21990 22113 32
80 11339 11501 33
59 18990 19103 42
42 3432 3477 12
73 19168 19249 42
72 12469 12621 20
79 20609 20764 45
24 14186 14222 4
18 7397 7419 27
43 15034 15177 3
87 17134 17279 28
31 17582 17661 26
24 12143 12232 3
79 3044 3167 17
36 8353 8398 24
11 13194 13263 40
48 6813 6960 1
49 16195 16290 35
82 13591 13683 41
10 12191 12206 32
34 6290 6405 9
22 11697 11771 41
91 4275 4456 35
17 5547 5582 11
82 5298 5418 41
11 19899 19972 5
58 3042 3106 26
53 364 420 42
28 11501 11572 4
35 1344 1475 41
16 4314 4374 38
84 6023 6132 10
74 18452 18558 27
39 14815 14904 18
96 17575 17729 44
50 16387 16526 22
73 14158 14241 18
21 11200 11266 35
68 11036 11113 37
46 2774 2860 24
61 17323 17391 8
88 9699 9805 27
25 18688 18796 25
65 17264 17411 34
18 18241 18338 33
82 11997 12143 30
14 7980 8056 8
18 13275 13335 8
95 3345 3526 29
62 12769 12850 25
58 9319 9384 21
78 9761 9858 27
88 8511 8699 27
17 7621 7682 14
73 13710 13824 39
85 13304 13473 29
18 12851 12930 10
20 11804 11877 12
22 4326 4442 5
23 9837 9912 19
55 3088 3150 6
32 1725 1847 18
26 3249 3360 18
91 13072 13198 3
87 13914 14045 33
90 8969 9078 1
56 7823 7884 8
31 10364 10465 34
36 315 374 30
40 202 259 44
70 7918 7994 41
71 15480 15622 16
55 3631 3736 42
75 6298 6416 17
70 334 469 17
58 11628 11690 8
47 15502 15589 13
74 12280 12374 11
64 19794 19908 38
50 19260 19386 31
77 12367 12496 31
92 6388 6561 42
79 3224 3322 40
41 16540 16618 43
47 8366 8466 26
72 17563 17732 38
35 3196 3239 29
62 15622 15738 10
16 173 195 10
21 8796 8882 5
24 12120 12174 43
92 3594 3733 22
32 18894 18992 41
87 5683 5784 20
14 9959 10003 12
82 7020 7140 8
19 21121 21220 17
90 2941 3091 1
60 19330 19393 35
36 19980 20076 25
83 17166 17259 2
96 9686 9801 4
86 22081 22224 39
74 10805 10931 38
71 8441 8595 23
11 14915 14987 2
45 21674 21800 21
81 22035 22123 39
95 1101 1242 3
65 2945 3036 16
62 19132 19199 30
18 10038 10140 7
62 9357 9420 8
14 13095 13184 22
57 19575 19731 41
26 17156 17204 29
99 13190 13358 5
82 19716 19864 31
39 4400 4495 35
96 16833 16973 7
35 19905 20018 13
81 18543 18687 12
67 10195 10273 33
62 20841 20913 31
82 12834 12917 10
68 16616 16768 16
66 6707 6830 36
66 21562 21695 44
32 694 734 31
46 12415 12541 29
40 16381 16505 31
25 11477 11555 25
33 6822 6913 36
16 5875 5974 6
53 9103 9173 23
78 5969 6074 37
88 19126 19247 38
63 11751 11818 23
59 2819 2959 6
25 3971 4088 32
89 21754 21934 17
92 13578 13766 36
71 14182 14352 18
66 14334 14470 1
65 15665 15772 41
52 5512 5622 1
57 6217 6365 32
18 9273 9335 7
41 4555 4679 40
60 2858 3016 28
19 9459 9534 35
82 434 541 2
74 21115 21194 13
10 792 865 27
79 18550 18707 22
26 9976 10034 15
42 15466 15588 18
28 14420 14529 10
50 2054 2118 41
42 17092 17227 31
35 3469 3592 30
80 4241 4396 16
10 757 808 14
71 14643 14753 17
27 10449 10518 41
97 21949 22113 34
90 16681 16828 22
98 16485 16676 26
78 4791 4915 26
14 8286 8395 4
94 9482 9640 28
19 6278 6382 35
75 622 732 21
43 13953 14053 44
38 19705 19819 7
10 7191 7238 31
72 14026 14190 2
13 17935 18004 42
13 13319 13405 37
99 19582 19711 3
52 14259 14347 6
75 17797 17913 9
60 11530 11679 30
38 21495 21612 13
41 6257 6322 11
19 20600 20672 11
94 9410 9590 27
34 5064 5156 5
42 18612 18736 13
45 16037 16135 40
81 18233 18412 18
92 21246 21350 34
17 20146 20165 22
51 15183 15253 11
15 7742 7757 19
46 18335 18409 39
14 8342 8388 12
28 5430 5511 13
16 16083 16151 34
22 5824 5892 7
27 9990 10070 44
59 9553 9618 39
41 3948 4031 44
46 22120 22229 36
26 9222 9290 4
20 5475 5575 13
80 17578 17756 9
95 14099 14264 35
38 7314 7396 45
32 1855 1965 6
76 20276 20373 39
46 22080 22210 2
19 4399 4436 4
27 19715 19816 31
28 9886 9961 36
73 21691 21848 35
22 17571 17629 25
36 15719 15766 30
99 10045 10185 22
89 16797 16928 36
16 2250 2310 31
21 16006 16123 26
66 2112 2258 40
69 7180 7278 19
41 16810 16919 33
55 16056 16160 15
60 17564 17681 26
71 17842 17980 35
91 4532 4683 13
54 20999 21072 18
98 4484 4647 31
90 3674 3775 30
82 17072 17227 23
33 3308 3353 20
18 10648 10715 7
77 9047 9127 28
41 14335 14456 3
40 6277 6407 33
67 10036 10106 25
36 12029 12089 34
11 884 904 23
42 16082 16198 23
52 11701 11767 16
53 11786 11880 8
50 1565 1646 7
55 21880 21986 19
39 19087 19133 38
24 5778 5806 9
92 22199 22377 26
38 8028 8094 20
97 5117 5284 3
17 3943 4026 33
77 20095 20198 10
91 19694 19821 36
64 3944 4094 42
93 11834 11974 41
14 6845 6955 22
47 21375 21470 21
46 18217 18338 35
89 4065 4180 35
45 14652 14754 13
26 21462 21557 30
39 6000 6075 20
97 19665 19816 17
89 13552 13656 43
33 7404 7510 35
88 13470 13631 28
61 8231 8297 2
39 7163 7261 22
42 22184 22317 1
94 20698 20846 32
36 11771 11820 16
92 3120 3225 30
16 1786 1888 2
34 8864 8936 43
69 20734 20826 1
22 12359 12410 31
13 9857 9932 15
70 11318 11421 1
48 4415 4469 41
53 10445 10592 40
21 4093 4204 43
11 21772 21804 41
79 1197 1333 3
13 7804 7833 21
57 15226 15342 11
25 17438 17525 23
87 18277 18382 36
93 16043 16205 43
62 7631 7696 35
62 5527 5684 27
41 6327 6459 33
77 7790 7893 34
87 15607 15775 9
39 13538 13611 41
20 5713 5804 22
34 1277 1330 26
76 14407 14505 24
46 14994 15132 14
45 3563 3648 41
86 12985 13106 10
19 18639 18707 26
83 14635 14780 3
48 11657 11796 18
85 7773 7929 17
29 8067 8164 5
38 12523 12616 39
41 9422 9550 45
79 10769 10935 33
82 19291 19452 44
77 15145 15298 21
13 9682 9774 28
79 18114 18284 21
76 2047 2190 28
22 14264 14361 11
22 1045 1146 32
32 2207 2269 14
56 11757 11899 4
47 15750 15837 27
46 20806 20917 16
29 15356 15428 44
41 13831 13931 28
61 15075 15205 24
22 1557 1615 39
32 18415 18488 29
10 7781 7820 2
34 21218 21296 16
16 19317 19373 8
64 6085 6205 15
63 20762 20848 39
65 13799 13880 36
64 14551 14656 8
47 11220 11313 5
48 16698 16795 34
13 18915 18995 44
31 18101 18143 26
63 3613 3764 5
89 2926 3020 25
81 7536 7689 44
80 2803 2930 24
76 9609 9722 3
57 14183 14322 7
41 13304 13422 5
62 17899 18048 45
99 16173 16369 29
65 7597 7662 30
43 11324 11403 40
47 14305 14399 33
31 16826 16910 13
76 19537 19647 27
33 14308 14390 33
