100
41 4714 4812 8
33 3081 3139 10
82 1164 1267 2
24 4145 4226 9
14 2747 2784 9
29 2253 2350 4
88 4492 4596 8
76 4554 4667 8
89 2051 2155 4
52 232 374 1
45 4497 4618 3
14 2852 2885 3
78 4502 4606 10
86 2791 2968 5
15 1748 1768 2
86 2319 2420 10
73 4474 4563 5
27 1464 1557 9
51 3509 3597 3
69 4343 4460 3
68 2876 2968 9
39 2819 2869 10
37 1646 1690 10
19 3697 3784 4
90 4210 4337 2
31 2299 2426 1
97 4446 4579 2
29 3213 3275 6
70 833 997 3
97 3575 3686 10
80 2373 2507 10
76 2834 3005 9
24 3844 3890 4
57 4907 5037 9
49 2290 2366 3
15 3994 4099 6
56 4270 4344 9
71 266 405 7
16 736 793 4
56 462 527 5
85 4094 4224 7
54 3192 3252 3
32 4388 4516 3
93 3254 3361 7
73 2664 2748 9
30 1210 1330 1
53 1053 1133 2
84 541 678 7
91 3485 3595 4
18 2553 2653 5
77 2666 2768 7
72 1830 1992 10
93 3257 3387 8
21 4698 4778 7
77 3575 3672 10
26 3687 3725 7
27 152 237 7
34 1002 1060 2
60 2417 2536 10
59 3212 3346 5
81 4062 4218 9
50 221 347 7
24 4590 4662 3
21 805 906 3
32 1000 1082 7
90 619 710 4
46 1088 1149 4
87 687 816 4
65 3957 4114 1
95 1677 1830 3
48 4171 4303 6
23 4879 4928 10
90 2492 2655 5
21 1144 1195 9
61 4421 4552 4
47 312 459 6
17 3094 3123 10
54 3138 3250 3
56 2452 2556 1
37 4553 4629 4
47 4738 4822 4
93 345 490 8
27 901 1025 1
46 3180 3284 1
35 806 846 3
37 689 748 7
10 3146 3230 3
67 2816 2930 9
73 1371 1466 3
15 478 573 5
68 4668 4833 7
59 3478 3589 5
62 1222 1350 3
43 2544 2648 6
23 4790 4856 4
14 3199 3249 9
40 3510 3567 4
97 3712 3820 2
58 4628 4744 9
90 4268 4435 7
