100
2 793 802 1
16 869 890 5
13 370 389 3
12 188 207 1
6 509 519 7
6 323 335 3
9 419 431 8
5 531 543 1
9 291 301 10
9 447 461 5
12 843 857 9
6 874 882 9
11 903 922 1
10 598 615 1
9 877 890 7
14 801 819 7
19 927 957 1
10 418 433 5
10 623 634 10
9 750 762 8
2 677 679 10
6 933 944 5
7 2 10 10
12 708 724 7
1 860 865 7
5 420 430 5
10 540 551 10
6 114 129 1
5 278 284 10
12 78 97 1
12 932 948 7
12 925 944 1
13 273 291 5
15 37 53 10
3 243 249 8
5 766 775 7
17 905 930 1
2 820 825 8
10 926 937 10
7 864 876 5
14 718 737 5
2 747 751 9
7 3 13 8
12 584 601 5
4 22 28 9
7 442 453 7
13 420 441 1
5 533 544 3
13 299 320 1
7 548 563 1
15 588 610 1
12 421 435 9
5 300 307 9
7 414 427 3
10 923 940 1
13 72 86 10
4 645 657 1
11 548 560 10
13 297 320 1
7 702 715 3
12 745 763 3
9 430 444 5
6 3 10 10
9 264 276 8
6 340 347 10
16 345 364 8
6 657 665 9
9 426 437 9
11 416 433 3
7 258 269 7
7 891 907 1
12 550 578 1
6 237 244 10
8 209 218 10
12 213 225 10
5 186 196 5
9 526 537 9
1 2 5 9
10 1 13 9
5 755 766 3
13 374 397 1
8 705 715 9
4 492 504 1
11 589 602 9
9 506 518 8
11 46 67 1
13 780 798 5
3 289 299 1
15 573 590 9
14 899 916 8
8 681 694 5
14 311 331 3
13 566 581 9
10 558 570 9
11 873 887 8
4 55 66 1
10 232 252 1
10 880 897 1
5 99 112 1
10 514 526 9