250
20 607 629 9
25 589 621 1
27 1039 1067 10
24 1223 1247 10
15 26 48 1
15 1013 1038 1
26 645 676 5
12 125 139 9
36 306 342 10
16 576 595 8
13 480 497 7
22 199 225 7
19 434 459 3
30 428 462 7
37 1166 1209 3
6 1404 1419 1
25 546 575 7
32 1205 1240 8
12 813 830 5
21 1035 1060 7
30 857 887 10
3 282 290 5
12 354 374 1
32 114 154 1
19 291 315 5
7 658 670 5
19 435 457 8
20 350 371 10
14 72 90 7
12 272 288 7
12 1326 1341 8
14 1323 1347 1
7 515 526 7
21 140 162 10
16 497 519 3
24 1143 1169 9
14 879 900 1
17 783 800 10
11 890 905 7
24 1412 1451 1
15 396 415 7
10 649 661 9
16 375 392 10
3 458 471 1
4 261 271 3
13 1349 1369 1
6 553 560 10
12 1286 1298 10
24 816 846 3
26 37 66 8
19 583 610 1
22 190 215 8
38 478 523 1
32 1309 1344 8
8 927 936 10
20 1216 1247 1
40 977 1022 5
16 858 889 1
11 196 210 8
15 514 532 8
18 915 941 1
27 51 88 1
17 791 809 10
16 203 224 5
12 266 280 9
37 117 155 10
30 1200 1231 10
14 1392 1408 9
23 1268 1302 1
22 1282 1312 1
5 266 278 1
23 684 708 10
9 655 665 10
4 1183 1194 1
5 332 340 8
20 1342 1369 1
18 1253 1280 1
14 151 173 1
21 87 113 5
5 463 473 5
22 976 1009 1
11 918 938 1
7 720 728 10
9 788 801 7
16 764 784 7
4 1129 1138 5
27 808 845 1
27 1279 1317 1
22 705 739 1
19 1270 1296 1
20 334 356 9
8 770 784 3
34 525 567 1
24 682 709 8
19 331 355 5
34 478 519 1
9 882 895 7
20 471 502 1
21 21 47 5
24 644 669 10
8 462 471 10
28 1075 1106 8
25 935 963 8
1 1417 1420 9
8 622 639 1
28 1279 1310 8
14 901 918 8
19 471 497 1
21 530 554 8
21 394 419 7
15 1142 1168 1
30 314 345 10
12 1021 1041 1
15 716 739 1
28 966 996 9
32 381 418 5
19 962 984 8
9 1290 1303 7
25 246 277 3
33 630 667 7
28 1018 1051 5
27 1109 1140 7
17 145 163 10
18 1055 1078 5
20 622 647 5
36 540 579 8
31 1148 1185 3
14 70 84 10
30 1193 1225 9
26 99 132 1
8 1445 1458 5
18 979 998 10
19 405 431 1
23 535 562 7
10 103 122 1
15 1247 1266 7
46 1001 1057 1
14 146 161 10
16 852 871 8
7 1008 1017 9
22 620 642 10
24 342 380 1
40 59 99 10
6 711 722 5
33 1394 1434 1
34 430 467 8
21 472 496 8
29 441 473 8
20 598 619 10
23 571 599 5
16 112 134 3
9 274 291 1
17 1098 1119 7
32 553 588 8
34 83 122 5
12 576 589 10
17 137 159 5
5 903 913 5
17 644 664 8
20 31 57 3
23 108 135 7
18 979 999 9
33 824 864 1
27 726 754 10
12 1133 1146 10
19 373 394 9
21 812 837 7
30 1028 1060 9
15 429 454 1
32 262 297 8
29 146 182 1
31 1282 1318 5
15 913 934 3
31 687 726 1
23 408 435 7
30 32 66 7
35 1261 1303 1
16 318 339 5
15 1371 1390 7
29 1434 1465 9
27 261 298 1
5 695 711 1
21 677 700 9
37 526 563 10
31 1033 1070 3
16 1321 1337 10
23 821 844 10
9 506 524 1
6 953 966 1
35 5 46 3
3 136 141 9
18 1038 1060 7
33 811 853 1
18 98 121 5
14 815 833 7
14 115 132 8
32 122 157 8
17 388 410 5
12 514 534 1
34 1208 1250 1
24 749 777 7
23 465 488 10
26 179 209 7
31 1266 1297 10
8 1119 1129 9
30 477 511 7
9 1438 1455 1
3 597 603 8
26 1434 1463 8
17 920 946 1
18 147 170 5
24 896 929 1
25 1428 1463 1
32 331 370 1
44 1102 1150 7
34 546 588 1
10 1188 1206 1
24 678 705 8
27 248 280 5
18 105 126 8
17 819 838 9
24 465 493 7
47 26 75 9
18 230 257 1
21 318 341 9
34 727 767 3
28 183 218 1
6 915 927 3
30 1398 1431 8
33 1231 1268 7
27 250 278 10
24 308 340 1
11 231 255 1
9 1250 1263 7
39 920 959 10
24 150 180 3
6 200 209 8
30 1396 1431 5
27 1360 1391 7
18 159 179 9
26 49 80 5
7 1060 1071 7
7 1387 1398 7
23 1380 1405 9
25 315 346 3
22 1085 1108 10
23 81 107 8
18 1064 1087 5
21 966 994 1
29 359 389 10