500
75 468 546 8
37 1890 1928 10
62 2922 2988 7
33 585 619 10
31 933 973 1
20 3073 3098 5
43 3247 3294 7
35 344 381 9
31 2934 2971 3
65 223 296 1
19 1973 1995 8
49 3309 3361 8
56 3052 3113 5
19 2740 2768 1
56 861 918 10
28 1557 1588 8
64 203 277 1
6 950 965 1
54 3204 3265 1
41 2178 2221 9
60 1059 1122 8
31 3162 3193 10
18 2303 2328 1
24 2451 2481 3
15 2198 2223 1
59 2851 2911 10
21 2906 2930 8
33 2900 2935 9
22 1444 1473 1
33 267 301 10
63 2076 2146 1
34 31 75 1
49 1725 1784 1
36 1971 2016 1
27 1896 1924 10
3 496 505 3
23 1913 1941 5
50 1343 1397 7
28 2212 2244 7
51 508 564 5
61 1493 1564 1
56 506 569 1
49 3289 3342 7
27 565 604 1
42 1964 2013 1
12 2393 2414 1
66 2478 2545 10
37 2572 2614 5
29 1493 1533 1
32 2575 2617 1
54 1468 1524 9
39 1336 1385 1
52 1517 1577 1
63 1046 1113 7
58 1629 1690 8
77 609 697 1
30 3264 3306 1
33 1662 1704 1
36 1223 1266 1
21 540 565 7
15 235 252 9
22 854 882 3
45 3052 3102 5
3 2800 2805 9
74 1078 1157 5
46 2343 2403 1
71 1920 2000 1
9 817 836 1
21 1934 1965 1
21 1772 1795 9
56 246 307 5
67 1474 1547 3
34 2048 2084 9
85 2181 2267 10
34 2799 2837 7
55 2725 2785 5
65 3079 3149 5
48 279 338 1
6 472 487 1
31 1527 1560 9
43 728 773 9
52 2884 2936 10
47 2907 2956 9
67 1596 1670 1
26 294 322 9
100 224 325 10
45 1195 1242 9
63 1371 1435 10
35 589 626 9
42 17 60 10
68 1507 1577 9
76 2788 2865 10
44 268 314 9
21 2401 2431 1
66 1383 1455 3
71 1371 1443 10
54 3312 3379 1
47 1872 1927 1
26 1731 1766 1
19 2079 2100 9
41 471 516 7
42 2005 2048 10
43 2179 2224 9
57 2294 2354 8
23 1980 2008 5
41 1420 1463 9
46 1160 1215 1
20 2622 2650 1
28 112 147 1
64 1477 1548 1
31 1092 1125 9
48 1300 1353 5
11 181 194 9
61 708 774 5
41 115 159 8
66 52 123 5
32 551 586 8
31 2613 2648 7
24 1082 1109 8
20 2359 2390 1
27 1942 1974 5
47 1991 2042 7
48 1722 1776 3
67 3156 3230 1
55 142 200 8
50 439 492 8
15 1478 1496 8
49 597 655 1
37 2959 3002 3
99 1343 1446 7
22 3013 3041 3
74 2043 2120 8
18 3334 3362 1
78 2188 2270 7
25 2293 2318 10
41 2942 2984 10
63 1308 1375 7
23 1318 1347 3
39 3166 3206 10
31 2135 2176 1
16 3025 3045 7
34 1425 1461 9
60 2108 2170 9
42 1607 1651 9
21 1402 1427 7
44 555 601 9
36 2162 2204 3
37 2642 2679 10
39 2302 2347 3
58 2683 2750 1
37 2469 2509 8
61 2002 2067 7
54 3215 3269 10
52 2861 2918 5
53 152 206 10
58 1141 1201 9
34 1973 2020 1
37 872 910 10
34 2423 2460 8
31 2228 2262 8
60 6 70 7
59 460 519 10
44 1504 1554 3
23 2350 2380 1
65 202 276 1
57 747 805 10
70 595 670 5
42 16 59 10
54 2044 2099 10
69 2473 2546 7
22 3211 3235 9
36 1862 1898 10
15 822 838 10
38 2668 2712 3
21 2271 2295 8
40 3017 3063 3
27 2855 2895 1
14 3151 3168 8
38 2126 2167 8
69 1135 1208 7
93 2446 2552 1
40 558 599 10
31 308 342 8
29 1294 1326 8
30 1857 1895 1
30 664 697 8
42 1781 1825 9
32 1361 1400 1
39 3093 3137 5
53 424 479 9
48 870 921 8
51 2854 2909 7
63 453 520 7
44 133 179 9
36 2586 2627 5
61 2263 2327 8
59 1740 1803 7
45 2958 3007 7
43 361 408 7
40 2218 2260 9
26 3316 3344 9
53 632 701 1
29 2539 2570 9
41 2593 2638 7
64 769 837 7
10 1272 1285 8
65 3092 3162 5
14 2527 2544 8
31 3124 3162 1
23 805 838 1
62 2780 2847 5
5 1750 1759 7
58 1415 1476 8
30 1952 1984 9
56 1729 1796 1
20 1391 1412 10
36 340 382 3
53 1911 1967 8
40 1699 1740 10
57 1277 1337 8
11 284 297 9
45 2674 2725 3
29 884 916 8
48 2391 2447 1
59 1901 1965 5
7 1257 1272 1
41 115 162 3
56 2831 2894 1
35 1944 1982 8
39 2802 2850 1
56 2379 2437 9
54 3115 3169 10
11 3081 3098 3
41 247 298 1
16 3296 3318 3
31 2971 3004 9
66 2431 2504 1
71 1626 1699 9
15 469 493 1
47 346 395 9
52 813 875 1
26 67 96 8
10 2906 2920 7
29 1495 1525 10
21 2628 2658 1
1 3078 3082 8
30 1135 1169 7
59 247 313 1
45 573 623 5
4 392 396 10
17 2571 2599 1
58 881 950 1
64 1785 1852 8
17 2000 2025 1
72 271 345 9
26 2583 2609 10
36 432 472 7
55 2488 2550 1
38 3146 3184 10
39 870 913 7
14 1437 1451 10
3 224 233 3
60 28 93 5
32 1887 1920 10
37 1758 1802 1
61 3112 3174 10
40 2131 2176 5
40 3317 3359 9
44 3020 3068 7
41 754 800 5
56 1507 1568 5
55 218 280 1
73 2066 2141 9
54 2926 2984 7
47 1044 1100 1
27 2369 2398 9
17 3168 3192 1
35 211 250 7
72 2108 2185 5
41 1821 1867 5
66 813 879 10
15 2416 2441 1
16 2037 2056 8
59 2877 2943 1
20 1672 1700 1
20 1616 1640 7
26 2327 2358 5
55 714 776 1
55 617 683 1
35 646 689 1
39 466 507 9
83 1254 1345 1
28 110 145 1
31 142 182 1
33 213 257 1
39 2399 2444 3
54 498 556 7
36 607 648 5
58 2208 2274 1
55 82 148 1
31 2498 2529 10
53 1 64 1
47 235 284 9
65 462 534 1
58 2922 2980 10
35 3276 3315 7
39 1766 1811 3
65 1636 1705 7
22 2574 2601 5
64 2277 2343 9
68 3102 3175 5
4 2187 2194 8
36 2853 2889 10
2 31 36 8
78 2555 2641 1
45 188 234 10
51 2744 2799 7
17 2755 2774 9
25 2249 2280 3
62 2601 2667 7
15 3205 3225 5
40 1506 1553 1
31 328 366 1
13 3116 3133 7
31 170 209 1
68 1257 1330 5
24 1773 1797 10
3 2322 2332 1
34 2920 2960 3
25 2597 2625 8
30 920 953 8
34 2068 2108 3
44 1354 1404 3
46 2553 2607 1
72 3 82 1
29 12 45 7
47 3245 3296 7
25 2217 2245 8
36 1643 1683 7
64 1022 1090 7
15 1398 1416 8
51 1797 1849 10
17 1582 1607 1
70 270 343 8
49 1435 1486 9
50 2326 2378 9
24 1371 1402 1
17 2304 2324 8
51 2841 2894 9
15 2469 2489 5
46 295 342 10
62 2423 2487 9
66 413 488 1
34 297 331 10
56 1848 1908 7
45 2453 2499 10
20 2273 2300 1
46 2270 2317 10
21 1561 1583 10
33 2028 2066 5
3 3081 3087 8
22 2880 2911 1
61 1224 1289 7
42 2983 3028 8
59 1372 1434 8
57 3145 3212 1
34 3233 3274 1
73 3149 3230 1
36 1788 1826 9
58 3065 3131 1
8 1006 1018 7
31 941 977 5
29 1558 1592 5
31 1268 1304 5
49 2002 2057 3
61 2552 2616 8
56 2813 2870 10
64 3304 3371 8
56 3076 3136 7
30 3043 3077 7
47 2470 2520 8
55 290 346 10
58 3077 3137 9
40 1738 1783 5
28 1683 1713 9
38 1726 1775 1
51 1860 1918 1
45 697 745 8
58 1284 1346 7
64 1035 1100 10
41 1956 1998 10
13 537 553 8
55 1954 2013 7
10 2995 3007 9
32 2867 2906 1
3 3084 3095 1
33 1618 1658 1
49 2909 2962 7
50 1432 1485 8
47 2838 2889 7
34 2612 2647 10
57 3034 3096 5
41 2377 2418 10
20 231 254 8
48 2431 2484 5
42 1441 1487 7
28 1663 1696 5
27 1782 1816 1
7 2406 2414 10
57 1933 1996 3
24 351 378 8
26 1140 1168 9
43 313 366 1
31 1214 1245 10
9 2743 2758 3
40 1318 1365 1
45 786 837 3
23 2823 2847 10
33 2733 2772 3
18 1569 1596 1
32 1358 1394 7
55 1853 1913 5
32 1648 1683 8
98 1115 1221 1
24 924 953 5
35 2286 2323 9
72 1552 1629 5
47 536 592 1
87 548 641 3
39 1358 1402 5
46 2946 2999 1
35 619 654 10
75 2349 2428 7
15 313 331 8
53 476 536 1
22 1732 1757 8
45 1398 1455 1
4 1742 1746 10
48 2205 2256 8
61 1471 1534 9
44 1376 1425 5
46 3293 3343 7
39 2983 3023 10
69 309 378 10
21 1268 1290 10
40 1280 1322 9
14 2766 2786 3
61 3026 3092 5
40 3062 3111 1
39 2864 2907 7
65 1191 1263 1
35 2424 2459 10
31 2538 2571 9
76 1100 1183 1
39 1101 1143 8
20 764 789 5
12 3052 3071 1
70 2304 2379 5
95 336 437 3
45 2940 2991 3
35 2840 2878 8
47 1505 1555 8
49 635 689 5
9 3018 3034 1
32 253 289 7
37 2129 2170 7
39 1915 1957 8
36 2703 2740 10
25 1391 1426 1
41 2896 2943 3
58 312 378 1
41 208 253 7
39 1507 1554 1
42 2073 2118 8
53 37 95 5
52 2300 2359 1
29 1422 1458 1
68 3127 3199 7
26 2902 2931 8
53 309 362 10
49 2293 2342 10
48 1653 1706 5
28 2280 2314 3
47 2984 3036 5
39 18 61 7
89 3334 3423 10
22 542 573 1
22 2466 2498 1
10 1044 1059 5
5 2755 2766 3
69 578 649 9
11 2702 2719 3
50 994 1050 3
50 1875 1927 9
26 36 65 8
31 812 844 10
32 1574 1607 10
3 2765 2768 10
21 1835 1858 9
32 1498 1540 1