400
32 1157 1196 1
9 115 129 5
28 756 788 7
2 1369 1374 8
59 192 258 1
56 574 637 1
33 918 951 10
38 1423 1465 7
50 1281 1332 10
25 1513 1548 1
38 1181 1219 10
19 682 704 8
35 671 708 9
35 220 258 8
43 391 441 1
31 474 511 3
39 99 145 1
23 1436 1463 7
44 122 172 3
43 179 228 3
34 1050 1091 1
3 349 353 10
29 1011 1051 1
19 473 493 10
33 969 1008 3
26 1105 1133 9
6 884 895 5
17 1536 1556 8
49 1556 1612 1
25 367 402 1
20 1447 1468 10
34 528 562 10
43 1597 1643 8
20 1153 1177 7
42 1091 1136 8
37 807 845 10
44 28 72 10
16 1308 1329 5
55 827 883 10
8 127 137 9
18 666 689 5
34 528 563 10
76 609 692 1
51 1354 1412 1
25 344 372 8
28 359 391 7
39 1434 1478 5
13 1455 1469 10
39 589 632 7
27 576 606 8
48 732 784 7
13 1517 1530 10
35 1316 1354 8
56 1049 1108 8
51 434 493 1
10 1515 1530 5
66 1566 1636 7
34 1436 1475 5
60 1127 1189 9
20 1571 1597 3
56 1237 1300 1
51 458 510 10
32 698 733 8
46 978 1029 5
15 1472 1496 1
38 819 859 9
24 699 732 1
37 525 565 8
55 1129 1187 8
33 638 677 3
38 87 127 9
28 674 705 8
44 354 408 1
18 225 244 10
18 705 732 1
41 54 95 10
33 1370 1406 8
53 866 921 9
36 360 406 1
32 434 470 7
11 1213 1230 3
29 176 207 9
48 723 773 9
24 350 376 9
54 772 833 1
38 346 390 3
53 7 66 3
46 807 857 7
35 1581 1617 10
15 1282 1300 8
22 197 231 1
37 1151 1194 3
38 463 502 10
45 1431 1484 1
25 1222 1257 1
31 463 498 7
32 1437 1473 7
23 1154 1182 5
48 104 157 5
34 866 906 3
12 4 23 1
22 573 596 10
13 299 320 1
22 1200 1230 1
38 148 190 7
35 657 696 7
9 934 945 9
37 362 402 8
32 1425 1459 9
51 1235 1290 7
36 674 718 1
52 1578 1641 1
24 1229 1257 7
38 488 530 7
25 1419 1449 5
37 1580 1618 10
44 127 175 7
16 1573 1593 7
30 122 158 3
28 1550 1583 5
17 1371 1390 9
41 1207 1251 8
22 1556 1581 8
52 239 294 8
37 57 96 9
50 199 251 9
36 947 987 7
32 1352 1387 8
17 1538 1559 7
45 1025 1075 5
53 589 642 10
51 1477 1529 10
4 249 257 7
26 1080 1110 7
26 795 824 8
49 228 279 9
47 902 961 1
29 422 456 5
33 1396 1439 1
35 988 1026 8
58 1272 1331 10
45 651 702 3
29 805 837 8
57 1375 1436 7
42 1000 1047 5
44 953 1001 7
22 335 362 5
37 366 407 7
27 944 978 1
18 145 166 8
21 48 70 10
8 450 465 1
53 507 563 8
6 1220 1231 5
21 278 305 3
38 290 333 5
15 1103 1125 1
58 730 790 9
34 1296 1331 10
14 1146 1161 10
24 144 176 1
48 629 679 9
53 28 88 1
44 1382 1432 3
24 1459 1489 3
46 1308 1359 5
76 1260 1344 1
24 4 31 8
3 1433 1440 7
25 1311 1341 5
41 346 388 10
5 916 921 10
3 1063 1073 1
3 438 445 7
29 1150 1183 7
56 1548 1609 5
35 1522 1561 7
15 153 174 3
23 146 170 10
32 187 224 5
71 1595 1669 8
48 1454 1503 10
19 631 657 1
45 1559 1611 1
69 740 817 1
39 689 732 7
26 578 609 5
51 280 340 1
16 1005 1023 9
30 1171 1205 7
41 1052 1097 7
12 868 886 3
32 26 66 1
30 1527 1557 10
37 318 358 8
22 444 474 1
39 963 1009 1
41 504 552 1
32 139 176 5
19 1424 1443 10
47 1310 1357 10
31 590 627 3
62 249 314 8
40 683 732 1
31 951 987 5
30 1142 1174 9
51 280 332 10
42 680 727 5
45 1237 1286 7
34 776 815 5
41 389 432 9
60 1535 1601 3
35 499 539 5
38 1460 1500 9
27 964 996 5
25 1435 1462 9
18 719 738 10
34 1298 1336 7
54 1169 1224 10
31 1394 1429 7
29 188 219 9
44 373 421 7
25 133 159 10
34 942 980 7
27 795 837 1
36 140 177 10
50 1003 1058 5
41 373 414 10
48 251 304 5
60 585 648 8
37 197 239 5
7 1139 1148 9
46 1043 1097 1
18 33 54 8
29 320 352 8
13 920 939 3
28 1076 1108 7
22 737 761 9
48 565 621 1
48 865 916 8
48 825 874 10
36 50 94 1
32 1218 1250 10
33 566 601 9
26 1538 1571 1
24 1336 1366 3
61 977 1041 8
37 291 330 9
13 881 899 5
26 1288 1314 10
33 1063 1102 3
2 936 938 10
40 1169 1209 10
28 56 85 10
28 1093 1123 9
37 489 532 3
14 790 807 8
43 52 98 8
62 1369 1432 10
20 1304 1326 9
49 95 149 5
21 201 229 1
43 1386 1434 5
43 658 708 1
48 1121 1172 8
39 41 86 3
39 227 276 1
59 1440 1499 10
46 135 187 3
32 821 858 5
38 196 241 1
34 1494 1530 9
39 655 699 5
49 1219 1271 8
61 1139 1204 7
64 118 184 9
55 575 630 10
12 1065 1079 9
43 301 351 1
23 1199 1229 1
2 1342 1347 8
28 1230 1267 1
28 1120 1151 8
7 634 643 9
19 916 939 7
27 424 459 1
29 463 494 9
29 243 275 8
20 358 383 5
51 74 129 7
18 1058 1084 1
58 708 770 7
35 272 313 3
26 1196 1225 8
25 825 853 8
33 603 640 7
44 65 113 7
19 103 128 3
32 1277 1312 8
30 170 201 10
45 1182 1230 8
20 570 591 10
41 256 300 8
43 1512 1563 1
59 881 941 10
22 1101 1129 3
40 884 927 8
27 32 65 3
50 499 557 1
28 323 361 1
49 1598 1651 7
30 184 214 10
43 1049 1098 3
56 494 556 3
34 73 112 5
30 251 282 10
39 541 586 3
17 440 460 8
52 1254 1308 9
76 831 914 1
55 870 932 1
28 517 550 5
43 1227 1279 1
18 998 1024 1
39 458 501 7
39 429 471 8
57 1014 1074 8
14 431 449 7
42 1390 1435 8
44 223 269 9
3 1046 1051 9
32 206 252 1
61 147 211 8
33 1339 1377 5
30 639 671 9
41 1069 1112 9
18 1581 1603 7
36 707 750 1
21 1558 1583 7
46 1160 1209 8
38 299 341 7
54 1578 1633 10
16 478 498 7
45 943 991 8
21 1142 1165 9
26 522 550 9
9 336 352 1
37 197 238 7
16 475 499 1
33 22 60 5
48 1156 1217 1
22 1530 1556 7
30 1486 1518 9
34 1047 1090 1
43 382 429 7
38 60 102 7
30 1047 1078 10
17 749 766 10
26 308 341 1
57 1592 1650 10
16 1047 1069 3
22 899 934 1
45 1498 1545 9
27 83 115 5
42 654 709 1
23 53 85 1
29 72 103 9
67 715 782 10
51 704 762 1
19 1431 1461 1
11 1227 1243 5
41 1334 1380 5
23 639 663 10
13 999 1016 7
6 707 716 8
24 1137 1164 8
28 23 57 3
19 1161 1186 3
51 1520 1572 10
19 597 625 1
66 93 162 8
58 625 684 10
16 1073 1090 10
18 1432 1461 1
36 859 899 7
14 1396 1414 7
15 335 365 1
10 1449 1467 1
59 1143 1214 1
38 149 188 10
50 1570 1627 1
72 1221 1296 8
23 767 794 7
43 190 236 8
57 66 128 5
36 697 737 7
58 873 934 8
22 865 889 9
39 1466 1506 10
53 1487 1552 1