50
5 180 187 9
6 459 467 9
3 251 258 7
7 142 150 10
4 327 333 9
3 299 303 10
4 235 243 7
5 66 78 1
4 50 55 10
5 200 206 10
4 243 254 1
2 141 148 5
6 191 202 5
4 406 416 3
8 287 300 5
2 400 403 10
5 433 442 7
5 58 67 7
6 215 223 9
3 329 333 10
2 370 373 10
5 366 376 5
2 313 319 7
7 0 8 10
4 380 389 5
7 139 153 1
7 58 74 1
2 248 252 9
5 177 185 8
9 98 118 1
5 337 342 10
3 289 292 10
4 130 137 8
2 316 324 3
6 84 104 1
6 2 11 8
3 161 169 5
6 191 206 1
5 196 207 3
7 218 226 10
3 342 351 3
5 297 306 7
5 153 163 5
3 55 58 10
5 366 374 8
9 222 233 9
3 253 258 9
6 197 205 9
4 204 215 1
4 108 115 8