300
34 79 118 5
6 604 612 9
6 295 302 10
30 280 311 10
46 523 574 5
13 911 927 8
27 228 256 10
16 1026 1045 8
35 714 753 7
24 75 99 10
25 938 973 1
14 944 968 1
28 428 457 10
27 291 322 7
19 879 899 10
29 594 623 10
41 107 155 1
19 507 532 3
18 184 205 8
14 92 110 7
33 797 837 1
32 815 855 1
21 421 444 9
25 1042 1075 1
23 398 427 3
43 769 822 1
47 632 680 10
21 709 734 7
23 284 315 1
21 1042 1070 1
5 742 751 7
14 615 631 9
24 916 943 8
23 628 654 8
23 41 66 9
54 562 620 7
26 549 577 9
21 453 474 10
7 500 516 1
42 661 706 8
11 686 704 1
29 983 1018 3
34 450 486 9
28 998 1027 10
27 253 288 1
34 808 851 1
37 234 283 1
7 457 469 5
21 424 451 3
34 409 447 7
26 650 682 3
19 2 26 5
6 872 882 7
7 56 67 7
12 598 616 3
12 681 701 1
33 373 409 8
27 861 899 1
17 702 720 10
30 335 369 7
31 267 306 1
25 194 223 7
35 472 510 8
14 875 896 1
37 1016 1055 9
34 510 548 7
22 530 563 1
37 524 571 1
25 18 46 8
18 662 686 3
14 61 82 1
38 579 623 3
4 572 588 1
47 322 376 1
19 411 432 9
15 712 727 10
36 800 846 1
32 811 850 1
14 250 270 3
27 841 875 1
33 167 207 1
35 1046 1091 1
25 13 46 1
46 156 203 10
30 883 913 10
20 275 296 10
3 539 554 1
20 186 211 5
24 616 647 1
15 963 980 9
10 371 385 7
2 868 875 5
23 866 901 1
11 250 263 9
32 214 249 8
21 187 213 5
21 362 389 3
7 662 673 7
15 266 285 7
18 426 449 5
32 826 861 8
41 832 883 1
26 108 141 1
29 199 232 7
32 795 831 7
29 734 765 9
9 650 660 10
34 972 1007 10
24 1059 1090 1
29 48 81 7
51 821 875 8
6 792 803 5
23 366 389 10
30 927 961 7
25 1034 1061 9
13 639 662 1
28 178 210 7
47 350 406 1
31 86 127 1
13 162 178 8
22 976 999 10
21 722 748 5
17 837 858 7
27 881 911 8
6 1037 1051 1
20 677 701 7
16 598 615 10
40 929 970 10
25 317 343 10
19 631 652 9
14 616 637 1
31 541 580 1
14 123 138 10
8 154 167 5
34 702 738 9
26 740 773 1
42 475 522 5
9 1065 1081 1
8 610 620 9
17 832 853 7
28 538 574 1
38 387 432 1
44 632 682 3
32 607 645 3
14 989 1006 8
10 205 225 1
41 771 813 10
43 526 577 1
31 568 608 1
37 346 387 7
23 251 279 5
4 977 983 9
21 977 1004 3
18 865 890 1
13 879 897 5
7 306 316 8
28 250 284 3
35 1022 1059 9
26 216 249 1
15 970 998 1
47 389 437 10
46 1014 1061 10
5 415 428 1
40 940 987 1
21 554 575 10
20 977 1005 1
26 826 857 5
33 523 564 1
20 550 575 5
32 818 853 8
40 22 64 9
23 509 542 1
34 865 902 8
48 681 730 10
14 154 173 5
21 357 383 5
53 427 484 7
24 93 122 5
41 621 666 7
16 1007 1030 1
4 119 127 7
33 46 85 3
28 18 52 3
31 13 45 10
36 227 265 9
15 889 917 1
21 403 429 5
41 766 810 8
16 384 404 7
22 959 984 8
27 668 707 1
31 617 649 10
28 359 394 1
40 1070 1112 9
49 603 655 8
21 707 729 10
28 115 156 1
17 202 224 5
17 396 415 9
41 338 386 1
22 801 833 1
6 200 211 5
38 885 931 1
17 774 793 9
43 478 521 10
23 359 388 3
34 919 953 10
13 1018 1035 7
18 717 740 5
29 917 950 7
15 648 666 8
19 753 781 1
20 47 73 3
27 719 756 1
8 878 890 7
27 349 378 9
26 917 948 5
16 142 158 10
20 645 670 5
12 133 147 9
42 410 453 10
11 620 635 7
13 279 292 10
31 393 426 9
30 563 600 1
9 30 41 9
8 381 393 7
9 796 808 8
33 483 528 1
13 617 635 5
5 603 613 5
17 239 265 1
6 613 622 8
12 513 527 9
51 739 792 9
19 515 541 1
22 1063 1088 8
32 57 98 1
24 4 29 10
23 343 369 8
38 256 299 5
26 927 963 1
38 307 349 7
9 829 846 1
52 816 870 9
56 933 992 8
31 965 1002 3
44 749 801 1
23 833 859 8
38 139 190 1
6 995 1012 1
45 893 950 1
18 1006 1026 9
51 978 1031 9
20 730 752 9
34 903 939 9
13 648 663 9
33 820 866 1
21 29 52 9
18 256 279 5
17 598 620 5
14 714 731 8
44 111 155 10
44 418 464 9
9 340 354 5
18 315 337 7
12 877 896 1
35 989 1030 3
23 80 113 1
16 856 875 8
6 850 868 1
32 280 319 1
27 1050 1087 1
4 940 949 5
27 1047 1080 3
32 763 801 3
24 1064 1089 10
12 724 748 1
10 740 752 9
22 430 456 7
24 860 889 5
20 844 865 10
24 720 748 7
36 1035 1074 8
15 585 603 8
29 818 851 7
43 984 1033 3
23 63 91 5
33 353 390 7
20 13 37 7
15 5 21 10
9 643 655 8
23 127 153 8
15 961 980 7
14 117 139 1
3 41 51 1
24 422 449 8
22 162 191 1
17 796 816 8
29 9 42 7