450
38 2248 2290 7
16 723 746 1
49 118 175 1
14 174 195 1
34 2697 2734 8
56 1066 1130 1
17 1759 1785 1
20 2349 2373 7
26 2922 2953 5
3 2223 2231 5
55 1043 1103 5
23 1680 1705 9
44 3032 3077 10
54 2601 2662 1
43 286 337 1
28 3163 3194 8
16 290 315 1
29 3115 3145 10
42 2338 2385 5
17 2249 2271 5
63 2969 3036 7
12 1396 1412 7
34 821 858 8
73 2872 2951 3
36 366 404 9
11 1968 1980 10
34 940 978 7
56 1976 2042 1
59 2989 3049 10
35 1887 1931 1
24 1830 1858 7
32 865 908 1
49 2090 2140 10
25 2817 2849 1
37 86 133 1
73 751 831 1
40 1093 1143 1
79 2449 2531 8
27 2161 2191 8
54 1319 1377 7
19 2166 2188 8
56 192 253 5
48 2690 2745 1
49 1613 1670 1
45 2818 2870 1
12 2247 2261 9
12 1041 1055 9
11 2245 2257 10
35 1545 1584 7
66 2515 2583 9
4 413 422 5
27 938 969 7
23 2168 2195 7
43 748 796 5
28 3218 3248 9
61 233 301 1
59 750 815 3
74 1731 1807 9
42 621 669 3
29 4 39 3
36 660 702 3
39 1172 1214 8
60 1082 1144 9
58 2146 2208 7
15 996 1015 7
55 1059 1119 5
26 1925 1957 3
51 2344 2399 7
50 971 1027 3
36 2579 2623 1
19 2126 2148 8
44 2845 2890 10
35 2970 3007 9
21 1947 1973 5
27 259 286 10
44 138 188 3
68 736 809 5
28 2082 2116 3
3 190 196 8
18 442 467 1
43 3014 3059 9
22 37 63 7
46 2999 3048 8
50 2574 2627 8
27 2682 2713 7
28 1006 1039 5
26 2545 2578 1
49 2917 2967 10
47 508 560 5
41 2567 2609 10
54 594 649 10
26 1138 1166 9
5 710 718 8
79 918 1004 1
48 1383 1435 7
82 3063 3146 10
40 2965 3007 9
49 290 351 1
71 1197 1277 1
3 2408 2412 10
2 564 569 8
24 2338 2363 10
42 302 352 1
25 3116 3148 1
28 2203 2236 5
27 3157 3189 5
43 802 848 8
40 706 751 5
16 177 194 10
18 3062 3082 9
59 1367 1429 8
49 2233 2285 8
41 658 704 5
47 1074 1126 5
32 1375 1408 10
49 2307 2359 8
13 1248 1265 7
46 2668 2719 5
48 338 390 7
46 1156 1207 5
44 1518 1567 5
18 2643 2662 10
1 2411 2419 1
34 1926 1968 1
64 2277 2344 8
35 2890 2930 5
39 80 124 5
43 551 596 9
38 660 706 1
43 2091 2139 5
8 273 284 8
39 552 592 10
33 827 862 9
10 2233 2250 1
19 1151 1173 8
11 2011 2033 1
49 867 916 10
44 577 626 5
46 2194 2247 1
72 1996 2074 3
34 1574 1612 7
39 2603 2651 1
46 3007 3054 10
27 345 373 10
28 1862 1892 9
56 791 850 8
32 2199 2231 10
43 2434 2484 1
13 2033 2052 3
5 2156 2162 10
17 2854 2876 5
40 1358 1400 9
65 1586 1658 1
40 130 172 9
32 1978 2018 1
63 7 79 1
41 2027 2070 9
39 1250 1299 1
32 1461 1495 9
55 950 1010 5
12 600 615 8
42 141 188 5
30 1763 1797 7
18 2343 2363 9
32 2316 2349 10
52 2467 2525 3
17 1197 1219 5
33 2507 2543 8
40 2902 2953 1
35 2595 2637 1
31 1489 1524 7
30 2054 2088 7
73 781 858 7
31 319 352 9
26 40 67 10
46 65 116 5
57 2553 2614 7
33 648 682 10
46 1009 1056 10
57 2568 2630 5
31 221 255 8
48 617 668 8
15 2764 2784 5
6 2836 2849 1
20 1762 1785 8
31 604 644 1
33 790 832 1
13 1908 1923 9
32 321 356 8
47 2092 2148 1
16 3124 3142 9
20 1252 1277 5
29 755 786 9
25 3103 3137 1
36 981 1025 1
4 2599 2607 7
34 3185 3220 10
41 2904 2947 9
20 2160 2188 1
48 1781 1830 10
42 2169 2213 9
42 1363 1409 7
22 3168 3198 1
19 2547 2566 10
36 688 726 9
5 2622 2629 9
37 715 754 9
30 1488 1519 10
23 1809 1834 9
86 1888 1978 7
46 1436 1488 3
39 2217 2259 8
30 1542 1572 10
46 1811 1861 7
26 2479 2515 1
9 2845 2856 9
57 897 954 10
30 625 660 5
51 878 933 7
30 838 873 5
43 116 160 10
57 2095 2154 9
46 1201 1249 9
33 2771 2806 9
35 284 323 7
42 1461 1504 10
50 887 939 9
19 851 876 3
23 2593 2619 8
19 1492 1515 7
64 2997 3065 7
82 203 285 10
61 49 116 3
21 1754 1781 3
19 1150 1180 1
40 118 161 8
33 1000 1033 10
52 373 428 8
48 1738 1794 1
25 2003 2031 8
36 628 670 3
26 1326 1357 5
49 2252 2305 7
22 627 658 1
61 2366 2430 8
25 97 127 5
57 1064 1122 10
63 1404 1479 1
41 2163 2211 1
15 1844 1865 3
20 2306 2330 7
24 3190 3219 5
27 2507 2537 8
4 1262 1267 10
22 519 545 7
43 144 192 5
49 471 520 10
44 1472 1522 3
36 193 231 9
32 3011 3047 7
6 453 462 8
55 3145 3204 7
50 939 995 3
30 2643 2679 3
11 1825 1838 9
68 2616 2686 9
33 306 345 3
65 3123 3195 1
42 441 486 8
34 2686 2724 7
28 1344 1372 10
43 1386 1435 3
29 912 942 10
49 1579 1629 10
38 2507 2548 8
33 2423 2460 7
29 1312 1346 5
37 1816 1858 5
44 2106 2154 7
18 482 502 9
64 2054 2119 10
64 1281 1349 7
24 1423 1453 3
40 357 406 1
12 1018 1032 9
28 2687 2720 5
24 300 339 1
9 911 925 5
59 2589 2651 8
58 3168 3227 10
42 1015 1061 7
47 194 241 10
31 2586 2618 10
44 541 594 1
28 1432 1461 10
69 2240 2319 1
47 1340 1395 1
27 2339 2373 1
38 808 854 1
34 536 571 10
4 2177 2186 5
14 489 506 8
4 1880 1888 7
37 1494 1532 10
36 2161 2199 9
14 919 940 1
37 2024 2067 3
44 622 669 8
13 276 298 1
46 2365 2415 7
46 2849 2895 10
9 2762 2776 5
52 1978 2038 1
10 353 369 3
13 404 420 8
56 2630 2691 5
39 2233 2277 5
8 629 639 9
7 986 999 3
26 2094 2131 1
60 558 627 1
21 3110 3142 1
24 2520 2550 3
54 1897 1954 8
37 788 829 7
28 2299 2330 8
58 2510 2570 9
19 1904 1924 10
34 1255 1290 10
72 1035 1112 5
12 991 1005 9
35 2623 2668 1
3 489 494 9
37 1629 1680 1
68 663 736 5
54 1331 1387 9
44 1158 1205 8
15 2749 2765 10
41 2441 2484 9
51 2722 2774 10
42 3104 3151 5
27 761 801 1
18 1979 1997 10
19 230 252 8
48 3031 3081 9
36 1030 1068 9
25 28 60 1
30 2717 2753 3
26 3122 3153 5
43 653 704 1
70 2565 2635 10
69 2496 2569 7
66 1550 1627 1
44 355 400 10
58 2111 2173 7
28 1492 1525 5
37 2713 2751 10
53 3164 3226 1
1 2478 2484 5
33 1752 1791 3
58 2631 2693 7
19 354 381 1
61 866 931 7
31 2157 2191 8
25 2283 2312 7
48 1060 1109 10
49 3079 3130 9
34 2326 2361 10
50 1993 2048 5
51 1045 1102 3
3 1228 1233 9
15 1620 1637 9
67 2160 2232 5
21 1372 1396 8
5 341 348 9
30 2235 2271 3
3 220 227 7
24 1203 1232 5
66 362 429 10
19 1576 1602 1
40 1336 1377 10
20 1314 1340 3
29 1383 1418 3
20 1844 1869 5
24 2917 2946 5
12 384 403 1
49 2354 2405 9
67 495 569 1
48 1411 1463 7
42 3032 3076 9
8 1884 1893 10
50 621 672 10
40 1725 1767 9
36 2239 2283 1
3 892 905 1
20 1052 1075 8
22 730 756 7
36 131 170 8
34 2537 2575 7
17 577 601 1
33 2946 2984 5
31 2120 2160 1
59 308 368 10
13 744 765 1
50 391 446 5
29 2383 2425 1
27 1311 1346 1
36 3101 3138 10
40 1153 1195 9
21 1733 1764 1
62 55 120 8
39 1293 1333 10
23 754 786 1
33 1106 1143 7
27 1954 1989 1
56 586 644 9
63 425 490 9
25 2807 2834 9
48 155 204 10
6 1765 1773 9
54 648 703 10
68 1830 1903 5
53 1458 1512 10
53 111 169 5
40 3052 3098 3
41 795 845 1
26 2169 2196 10
47 102 156 1
65 1538 1610 1
52 3084 3140 7
18 2358 2377 10
27 1831 1868 1
15 1491 1507 10
43 3030 3074 10
72 93 169 7
36 3171 3212 5
74 851 929 7
58 811 874 5
53 74 129 9
17 1626 1654 1
41 624 670 5
49 2659 2718 1
56 2329 2388 8
26 2204 2236 3
44 2223 2275 1
41 224 270 5
51 279 334 7
56 2024 2084 7
48 3131 3183 7
24 2739 2773 1