150
16 232 252 7
8 283 298 1
9 384 394 10
9 108 124 1
10 105 117 9
13 29 46 7
12 463 481 3
11 411 429 1
12 90 104 9
18 245 270 1
14 399 417 7
11 308 324 5
13 346 360 10
15 167 184 9
2 98 104 7
7 370 384 1
5 386 405 1
11 338 350 10
17 376 401 1
15 6 26 5
1 342 348 5
10 68 84 3
19 366 392 1
13 102 120 5
15 298 320 1
10 158 171 8
8 227 236 10
27 257 285 10
11 448 463 7
13 178 198 1
8 350 362 7
4 261 267 9
5 111 119 8
10 41 54 8
14 45 61 9
7 298 311 3
10 418 430 9
8 172 186 3
4 32 43 1
1 509 514 7
5 310 320 5
2 168 179 1
10 384 396 9
20 108 129 10
12 215 235 1
3 441 451 1
21 434 461 3
17 376 402 1
12 136 152 7
6 490 503 1
9 312 327 3
9 70 80 10
7 382 394 5
5 372 381 7
15 423 445 1
10 507 527 1
12 393 410 5
6 250 261 5
16 413 442 1
16 323 340 10
4 144 152 7
2 101 110 1
16 344 362 9
3 110 123 1
11 357 372 7
9 36 52 1
12 251 269 3
4 460 467 8
15 375 396 3
10 302 316 7
15 45 63 8
18 373 393 9
17 289 307 10
4 264 269 10
19 251 275 5
5 238 250 1
13 465 483 5
18 58 82 3
18 412 430 10
12 344 365 1
5 498 504 10
7 80 88 10
23 387 413 8
13 503 520 7
10 162 182 1
11 487 500 9
14 11 27 9
14 352 370 7
12 349 361 10
15 436 452 10
12 380 398 3
18 379 406 1
11 354 369 7
15 500 517 9
3 293 301 5
5 257 268 3
11 325 340 7
17 288 307 9
14 321 343 1
14 362 383 1
6 66 78 3
11 250 262 10
17 28 52 1
17 363 384 7
6 117 125 9
12 141 163 1
7 130 141 7
20 505 530 5
14 458 473 10
22 456 478 10
20 131 153 9
19 187 212 3
13 34 52 5
21 475 497 10
10 270 283 8
5 179 186 9
20 40 67 1
11 192 206 8
13 288 302 10
8 380 390 9
14 119 141 1
19 234 254 10
12 228 250 1
19 232 260 1
11 357 374 3
17 373 392 9
14 374 397 1
18 268 286 10
16 109 127 9
18 232 254 7
7 83 95 5
21 481 509 1
14 367 389 1
9 102 115 7
11 213 225 10
18 319 340 8
15 141 160 7
13 139 154 9
18 290 309 10
20 33 56 8
5 185 203 1
18 47 65 10
14 147 168 1
12 145 157 10
12 157 173 7
17 377 399 5
14 475 491 9
7 397 406 9
7 33 48 1
13 421 440 3