200
21 597 625 1
24 781 810 5
13 457 472 9
19 636 659 7
20 342 367 5
12 298 313 8
15 943 963 5
25 282 307 10
16 8 31 1
13 253 268 9
15 31 52 3
9 964 983 1
8 655 675 1
29 994 1025 9
18 711 739 1
8 455 466 8
19 430 452 8
21 739 762 9
12 944 964 1
34 886 930 1
14 1031 1049 7
26 741 774 1
22 658 686 3
16 628 650 3
24 334 364 3
13 546 567 1
16 905 925 7
21 766 793 3
22 20 52 1
24 1001 1026 10
39 582 621 10
7 888 899 7
10 31 42 10
21 503 528 7
3 163 172 3
11 193 207 8
18 63 86 5
19 261 285 5
19 178 208 1
13 293 310 7
34 591 632 1
7 13 23 8
4 79 92 1
20 772 795 8
6 605 616 5
18 393 412 10
24 732 760 7
25 1026 1060 1
20 415 439 7
25 124 154 5
14 606 626 3
12 670 687 5
8 661 679 1
9 884 897 7
19 788 812 5
14 339 359 3
16 317 334 10
12 890 909 1
16 29 46 10
9 735 749 5
23 126 152 8
12 974 991 5
21 221 250 1
20 488 512 7
25 462 490 8
22 736 764 3
25 170 197 9
15 160 178 8
16 122 140 9
5 746 759 1
11 172 185 9
25 409 440 3
23 287 319 1
21 1 25 8
16 906 928 3
18 761 792 1
26 477 507 7
18 690 710 9
15 456 472 10
24 833 861 7
18 599 619 9
5 305 312 9
23 78 107 3
19 804 825 9
10 627 646 1
24 518 546 7
3 1028 1033 9
11 140 162 1
19 621 651 1
38 715 756 8
6 762 775 1
7 550 564 1
26 968 995 10
14 1015 1035 3
13 744 757 10
13 79 98 3
10 400 413 8
17 795 816 7
5 260 267 9
16 888 917 1
10 715 729 7
22 820 846 7
11 920 941 1
34 268 302 10
18 763 782 10
29 915 953 1
16 538 562 1
15 663 685 1
36 1028 1071 1
22 654 680 7
16 883 902 8
7 349 358 9
23 516 548 1
12 1015 1029 9
25 635 661 10
14 177 192 10
25 691 720 7
21 816 838 10
5 339 346 9
9 872 883 9
15 471 491 5
25 788 815 9
26 53 82 8
14 612 630 7
26 114 151 1
16 1009 1030 5
13 5 18 10
24 374 400 9
5 68 75 9
38 634 675 8
31 453 485 10
19 860 886 1
17 481 502 7
10 390 406 3
21 275 306 1
34 898 936 7
21 523 550 3
32 786 824 3
23 226 261 1
11 131 146 7
19 422 450 1
6 605 617 3
8 371 385 3
13 702 717 9
11 819 832 9
8 530 541 8
14 969 988 5
15 472 491 7
21 553 576 9
15 533 554 3
24 722 746 10
16 310 337 1
4 180 186 9
9 788 799 9
12 533 550 5
29 479 512 7
4 255 267 1
27 8 51 1
31 775 815 1
20 232 252 10
25 410 435 10
13 288 307 3
18 495 515 9
11 862 885 1
13 497 513 8
22 877 900 10
31 86 128 1
20 1015 1037 9
14 891 910 5
22 588 615 5
24 425 452 8
12 843 863 1
25 568 597 7
25 114 145 3
14 597 615 7
17 442 462 8
12 596 609 10
12 880 901 1
9 227 244 1
18 672 701 1
20 177 201 7
6 915 926 5
17 617 639 5
6 443 450 10
8 224 236 7
19 834 853 10
30 609 651 1
35 978 1015 9
7 290 302 5
28 941 976 1
12 750 768 3
16 923 945 3
12 808 826 3
4 169 183 1
14 513 530 8
8 9 19 9
28 667 702 1
10 222 236 7
15 557 575 8
26 168 200 3