350
25 421 450 7
70 727 799 9
9 1224 1239 3
12 2138 2163 1
34 2071 2111 3
2 852 856 9
10 50 63 8
39 2410 2459 1
29 1937 1967 10
26 1589 1618 8
11 1062 1075 9
28 1649 1687 1
32 435 474 1
37 1800 1839 9
34 1731 1766 10
34 617 656 5
15 2333 2352 7
36 1291 1330 8
25 1212 1255 1
43 2339 2384 9
23 2442 2472 1
35 2174 2213 7
42 1963 2008 8
29 2491 2523 8
42 1413 1460 5
25 1312 1344 1
23 2689 2718 3
35 2026 2066 5
36 2502 2540 9
52 408 467 1
36 989 1030 5
30 651 682 10
17 497 518 7
58 1604 1664 9
45 2327 2375 8
5 497 503 10
19 320 346 1
34 2081 2128 1
27 98 127 9
34 1707 1748 1
20 490 513 8
47 629 683 1
16 602 625 1
36 265 305 7
67 1363 1439 1
38 961 1001 9
26 2108 2140 3
48 69 120 8
36 3013 3052 8
7 726 745 1
9 1062 1076 5
41 1415 1461 5
26 616 647 5
54 1287 1349 1
51 1540 1596 5
11 2330 2346 5
12 1807 1827 1
18 997 1017 9
24 3154 3183 5
40 1608 1653 5
25 534 564 5
10 802 817 5
10 1106 1118 9
11 1895 1915 1
22 2050 2079 1
13 2818 2832 10
8 2466 2474 10
47 676 729 3
8 956 971 1
21 2517 2542 7
28 2495 2526 8
23 188 213 9
30 941 977 3
26 1326 1360 1
39 507 549 8
40 46 89 8
32 1860 1901 1
60 2285 2347 9
18 397 418 8
36 2579 2616 10
29 1353 1385 8
26 1254 1283 8
13 2229 2243 10
16 1821 1842 5
35 324 360 10
27 349 384 1
31 2059 2093 8
33 1181 1229 1
9 1142 1154 8
29 2954 2988 5
22 885 919 1
20 487 518 1
48 2746 2801 1
13 2057 2070 10
48 2732 2783 8
23 1243 1270 7
41 2101 2149 1
36 111 159 1
25 926 952 10
36 1830 1871 5
27 1555 1589 1
35 353 393 5
12 2514 2534 1
52 671 724 10
61 2029 2099 1
52 1128 1183 8
34 549 592 1
34 1484 1520 9
29 1202 1239 1
35 2153 2195 1
33 2564 2601 7
18 1787 1810 5
46 953 1008 1
38 3052 3091 10
20 2047 2074 1
12 86 102 7
49 2840 2892 8
65 1909 1985 1
14 2424 2441 8
44 2304 2353 5
10 394 407 8
32 825 860 8
29 1146 1182 1
17 1891 1910 9
24 1360 1388 7
4 802 808 9
28 2014 2050 1
13 2601 2615 10
17 1265 1288 3
45 79 130 3
28 2429 2465 1
44 2411 2462 1
28 677 719 1
31 2647 2686 1
26 1273 1305 3
36 2077 2114 10
25 2632 2666 1
41 735 784 1
56 36 95 8
11 1202 1221 1
36 885 923 9
25 1891 1919 8
34 1740 1775 10
34 969 1011 1
35 2823 2865 1
48 1184 1233 10
32 996 1030 9
23 1764 1798 1
18 2209 2230 8
18 294 313 10
46 3157 3206 8
44 612 659 8
16 723 746 1
8 2852 2861 10
35 1305 1348 1
28 2074 2110 1
2 655 660 8
17 2974 2992 10
27 1896 1927 7
21 2395 2418 9
17 1796 1817 7
12 953 969 7
43 2513 2559 8
38 2984 3024 9
18 2225 2245 9
46 3069 3115 10
57 2402 2465 3
22 1898 1927 1
13 418 434 8
25 1280 1312 1
49 846 900 5
27 744 774 8
23 2199 2227 5
31 2666 2698 10
44 786 835 5
51 1164 1216 10
36 1356 1403 1
34 1291 1331 3
43 1795 1846 1
6 1945 1958 1
3 2898 2902 10
22 403 428 8
20 498 521 8
15 2873 2890 9
19 1034 1055 9
27 1297 1325 10
25 2648 2684 1
4 528 537 5
18 1766 1791 1
20 1216 1239 8
51 1732 1789 3
40 1336 1378 9
16 1511 1537 1
11 2818 2829 10
58 913 980 1
32 85 117 10
22 1544 1571 5
13 1154 1169 9
36 2950 2989 8
23 1410 1439 3
1 516 526 1
31 2180 2216 5
7 1495 1503 10
46 1163 1213 7
36 2310 2356 1
14 954 968 10
46 2691 2742 5
29 1188 1224 1
12 1338 1352 9
25 3083 3108 10
17 1370 1390 8
34 1502 1541 5
3 398 409 1
8 1220 1232 7
53 2828 2882 10
39 1413 1457 5
7 971 985 1
29 2592 2628 1
12 753 768 8
27 2703 2732 9
15 1341 1360 7
31 1406 1439 9
62 1264 1336 1
33 374 413 3
27 195 232 1
18 646 671 1
30 2219 2255 3
22 1548 1575 5
50 649 702 8
34 3070 3108 7
28 182 214 7
46 3151 3202 5
48 254 314 1
30 1150 1187 1
29 2591 2626 3
13 1680 1697 7
30 500 536 3
48 2530 2589 1
20 1698 1727 1
54 3175 3229 10
2 2404 2409 8
27 2226 2264 1
31 414 452 1
40 22 68 3
53 1653 1714 1
39 2546 2598 1
46 613 667 1
8 1579 1597 1
6 2997 3008 5
24 1977 2008 1
20 1524 1547 8
33 2924 2967 1
39 2004 2055 1
30 2162 2193 10
20 2762 2791 1
5 269 281 1
55 1390 1450 5
24 364 391 8
22 868 891 10
46 32 94 1
25 1069 1103 1
19 2035 2061 1
32 565 610 1
32 1765 1800 8
35 1687 1726 7
47 1188 1240 5
28 2141 2172 8
22 2252 2280 3
38 1135 1174 10
26 1345 1376 5
25 1743 1772 7
13 3147 3164 7
33 1527 1567 1
34 1966 2002 9
38 1611 1654 5
40 172 213 10
3 1439 1445 8
24 437 462 10
29 1887 1926 1
23 1347 1374 7
30 1784 1817 8
43 691 742 1
32 2935 2971 7
42 1826 1875 1
26 1621 1652 5
57 1699 1758 9
32 1778 1818 1
45 388 440 1
27 1961 1998 1
37 1576 1622 1
50 152 202 10
21 468 490 10
29 2174 2204 10
7 1480 1497 1
19 1261 1286 3
11 1695 1711 5
30 1799 1831 9
19 117 144 1
22 3086 3110 9
31 874 908 8
19 2562 2593 1
18 1635 1662 1
7 1147 1157 8
45 1674 1726 1
46 1488 1538 7
54 451 509 7
53 154 209 9
25 2013 2051 1
26 2940 2975 1
28 2373 2402 10
25 2894 2919 10
56 1137 1199 3
36 672 714 3
26 1807 1840 1
20 3130 3160 1
22 1096 1124 3
24 1221 1251 3
34 1594 1629 10
19 2169 2189 10
48 1995 2044 10
39 1770 1813 7
59 3140 3202 8
16 2894 2916 3
21 1928 1958 1
35 2825 2869 1
26 2251 2286 1
16 980 1000 7
29 306 342 1
45 1101 1153 1
11 841 858 3
24 881 908 8
35 1876 1917 3
18 1204 1227 5
40 2780 2827 1
14 240 262 1
15 2152 2170 8
32 2237 2278 1
23 2414 2438 10
7 2480 2495 1
15 117 134 9
19 1296 1329 1
28 1507 1538 8
13 1112 1128 8
22 2267 2290 10
27 3070 3098 10
24 2296 2324 7
33 2938 2978 1
35 891 931 5
28 2723 2752 10
24 505 537 1