350
48 0 49 14
123 2 135 9
28 49 104 26
168 61 287 8
245 139 572 8
263 192 673 8
183 373 612 8
307 470 930 6
272 604 1046 7
297 763 1270 7
250 987 1303 7
131 1115 1291 10
157 1174 1346 8
205 1252 1631 9
240 1392 1795 8
129 1440 1688 12
202 1562 1954 9
61 1758 1834 14
299 1783 2352 7
83 1883 2029 14
316 1883 2204 5
134 1889 2109 11
38 1902 1976 22
74 1906 1988 12
68 1938 2051 15
259 1945 2219 6
212 2074 2483 9
140 2183 2383 10
228 2227 2663 9
18 2416 2447 30
9 2431 2458 57
16 2439 2480 40
14 2447 2480 41
24 2460 2498 25
22 2475 2527 32
9 2491 2512 50
10 2498 2524 50
17 2511 2560 41
21 2525 2571 32
5 2538 2552 74
13 2544 2574 42
29 2559 2610 24
22 2573 2628 33
23 2585 2632 29
9 2603 2630 57
18 2615 2649 32
22 2625 2688 36
12 2638 2656 35
10 2645 2668 47
11 2656 2688 51
26 2666 2728 30
5 2686 2697 66
11 2690 2713 43
5 2699 2714 77
27 2704 2749 24
258 2704 3048 7
203 2851 3217 9
93 2954 3099 12
207 2985 3308 8
254 3040 3393 7
186 3063 3394 9
53 3072 3148 16
115 3087 3270 11
53 3139 3221 17
207 3165 3574 9
295 3175 3649 7
255 3245 3728 8
189 3297 3605 9
85 3363 3456 11
231 3378 3661 7
88 3486 3597 11
123 3508 3694 11
37 3590 3634 17
73 3598 3713 14
88 3638 3794 14
312 3682 4272 7
302 3846 4426 7
71 4026 4142 15
208 4079 4347 7
141 4117 4330 10
220 4150 4507 8
30 4180 4236 24
244 4201 4606 8
24 4242 4273 23
278 4250 4697 7
79 4352 4472 13
11 4360 4392 79
4 4369 4381 58
17 4375 4537 131
20 4378 4446 40
14 4382 4577 79
25 4392 4804 114
12 4398 4435 87
27 4402 4482 30
31 4407 5252 71
8 4414 4464 115
23 4420 4579 103
10 4420 4475 40
21 4424 4790 67
24 4431 4632 50
6 4437 4457 45
21 4437 4745 147
30 4437 4743 90
8 4447 4508 111
28 4450 4766 110
24 4460 4663 85
20 4470 4668 114
30 4474 4716 96
18 4481 4597 81
20 4486 4773 139
6 4510 4574 133
4 4526 4620 242
7 4544 4622 126
8 4553 4650 123
8 4568 4649 112
10 4587 4662 86
6 4596 4676 149
5 4601 4693 191
10 4621 4687 81
5 4628 4730 201
7 4657 4739 129
9 4657 4729 94
9 4678 4763 102
6 4696 4789 160
8 4713 4809 122
4 4730 4808 220
7 4739 4828 134
7 4740 4803 113
9 4755 4857 112
10 4783 4855 84
6 4806 4904 164
9 4837 4898 86
10 4852 4937 92
6 4866 4936 139
8 4869 4958 117
5 4877 4948 168
10 4884 4990 102
9 4884 4985 111
6 4895 4996 167
10 4922 5024 100
4 4931 5035 254
6 4950 5044 161
6 4961 5041 149
9 4962 5043 100
20 4967 5129 84
22 4971 5416 131
19 4987 5082 97
8 4993 5056 86
8 5006 5066 71
15 5001 5181 159
11 5014 5067 80
15 5016 5202 119
14 5025 5194 167
24 5031 5523 63
3 5039 5043 57
7 5055 5080 54
5 5042 5053 83
11 5062 5081 78
16 5047 5086 68
16 5073 5137 94
30 5063 5664 56
23 5089 5259 33
31 5093 5452 98
5 5112 5119 100
19 5124 5143 26
13 5117 5217 95
17 5143 5296 91
25 5130 5734 77
19 5160 5379 61
7 5155 5186 143
20 5179 5219 53
18 5162 5356 74
21 5199 5223 17
3 5180 5185 84
13 5220 5323 90
22 5183 5208 40
14 5233 5426 154
8 5205 5226 30
24 5247 5739 85
10 5213 5265 54
16 5271 5437 58
24 5223 5375 75
12 5287 5366 52
28 5247 5562 101
28 5299 5969 146
27 5275 5615 77
29 5327 6004 44
3 5302 5308 100
26 5356 5499 42
25 5305 5418 33
27 5382 5881 52
3 5330 5339 137
25 5409 6031 150
8 5333 5378 144
235 5333 5665 7
250 5433 5880 8
58 5505 5570 13
233 5537 5903 8
159 5709 5886 8
179 5711 6006 9
105 5788 5915 10
26 5830 5861 21
84 5835 5996 15
21 5909 5948 29
183 5925 6128 7
250 6002 6273 6
151 6040 6220 8
280 6075 6591 8
247 6309 6801 8
170 6325 6610 9
163 6445 6654 8
138 6503 6722 10
285 6592 7005 7
43 6599 6658 17
195 6625 6913 8
22 6745 6787 29
169 6760 6960 8
65 6796 6897 15
131 6798 6946 9
175 6839 7163 10
247 6856 7287 8
10 7014 7038 66
17 7103 7158 31
30 7024 7502 84
10 7120 7217 122
7 7054 7083 42
8 7130 7143 66
24 7061 7200 42
17 7138 7274 132
26 7085 7194 68
30 7155 7680 83
2 7111 7113 128
29 7185 7829 100
16 7113 7242 80
18 7214 7244 43
23 7129 7630 106
26 7232 7758 86
8 7152 7191 104
5 7258 7279 136
14 7160 7312 47
16 7263 7312 66
8 7174 7191 77
3 7279 7286 128
17 7182 7315 79
26 7282 7430 88
16 7199 7240 28
11 7209 7238 48
18 7217 7251 32
3 7231 7239 94
2 7233 7238 111
5 7234 7241 52
25 7236 7299 31
16 7250 7288 38
31 7268 7340 27
21 7293 7335 30
17 7312 7362 41
9 7324 7343 48
3 7329 7333 66
16 7330 7370 39
28 7348 7415 29
15 7380 7408 35
1 7389 7391 141
17 7389 7418 31
7 7398 7415 58
28 7402 7446 23
9 7422 7435 40
14 7428 7467 44
27 7441 7497 27
22 7456 7493 27
20 7469 7502 28
25 7483 7540 30
9 7509 7528 48
11 7517 7545 48
6 7527 7542 64
28 7532 7592 27
22 7558 7614 34
25 7575 7646 33
1 7609 7611 141
13 7609 7628 33
2 7618 7621 86
3 7619 7624 74
20 7621 7664 32
15 7633 7671 41
7 7641 7652 47
26 7646 7709 30
5 7664 7673 60
12 7667 7688 38
13 7673 7709 46
16 7679 7715 37
6 7690 7707 68
4 7693 7703 79
17 7696 7740 39
7 7707 7725 60
14 7716 7749 41
25 7725 7769 26
24 7746 7802 31
26 7770 7830 29
10 7793 7811 42
16 7801 7835 36
16 7816 7850 36
27 7833 7886 26
7 7856 7873 58
4 7861 7940 222
7 7867 7962 139
8 7894 7993 124
7 7901 7961 110
10 7915 7997 90
5 7929 7999 167
9 7948 8041 107
6 7959 8062 169
7 7981 8088 147
9 7990 8049 85
7 7990 8058 117
8 8002 8064 98
6 8017 8120 169
7 8019 8095 124
5 8034 8130 195
10 8056 8119 79
4 8074 8145 210
8 8080 8152 106
9 8092 8177 102
10 8106 8185 88
9 8117 8188 93
5 8124 8204 178
6 8124 8220 163
6 8141 8210 138
6 8157 8252 162
5 8162 8222 154
10 8177 8284 103
4 8196 8260 200
8 8200 8308 129
8 8220 8293 106
7 8240 8332 137
8 8253 8345 119
4 8267 8341 215
9 8269 8366 109
8 8293 8367 107
7 8306 8413 147
7 8327 8385 108
9 8344 8441 109
10 8358 8453 97
5 8384 8472 187
8 8408 8496 117
8 8409 8492 113
9 8428 8512 101
10 8429 8527 98
7 8429 8528 142
9 8449 8513 88
9 8452 8512 86
8 8456 8549 120