150
21 2 310 73
17 11 215 143
9 15 92 180
24 19 540 99
3 27 36 52
8 29 65 71
8 32 81 136
20 36 399 135
15 40 197 41
20 56 401 63
4 55 59 84
26 76 571 120
25 59 94 28
9 102 178 50
3 84 91 51
30 111 192 22
17 87 127 29
8 141 150 42
27 104 179 58
12 149 180 88
22 131 530 139
155 316 488 8
157 373 658 10
105 389 530 11
281 455 886 7
189 502 721 7
21 518 553 28
113 531 717 12
181 568 887 9
100 697 896 14
245 736 1063 7
63 790 911 17
207 806 1101 8
177 870 1151 9
104 977 1092 10
35 1028 1088 22
130 1032 1200 9
125 1088 1272 10
182 1127 1349 8
157 1169 1450 10
31 1254 1320 26
10 1272 1289 41
21 1280 1338 36
25 1296 1353 30
16 1312 1356 41
21 1328 1384 35
29 1353 1397 22
31 1375 1433 24
1 1404 1406 141
14 1405 1445 45
26 1414 1480 31
22 1431 1494 36
15 1442 1482 42
20 1447 1547 51
22 1452 1511 33
10 1460 1488 70
2 1461 1465 81
14 1464 1511 88
6 1474 1490 78
20 1474 1761 92
6 1479 1503 122
22 1484 1635 83
14 1485 1506 43
3 1506 1514 158
3 1499 1505 160
5 1509 1514 25
27 1502 1871 141
6 1514 1530 72
27 1529 1633 33
24 1520 1774 77
16 1556 1664 128
25 1544 1778 102
18 1660 1687 28
31 1673 1755 29
25 1707 1757 28
21 1731 1770 29
2 1749 1752 86
21 1750 1800 33
8 1773 1793 55
20 1776 2150 132
8 1779 1807 55
14 1783 1894 123
8 1790 1810 85
24 1792 2042 66
2 1799 1803 69
21 1804 1929 92
11 1811 1833 80
30 1819 2680 86
5 1827 1838 117
20 1830 1954 45
8 1831 1869 85
3 1834 1842 122
30 1839 1890 37
31 1837 2186 86
24 1869 2015 89
4 1868 1879 76
23 1893 2221 150
12 1872 1975 82
23 1916 2167 132
23 2002 2026 21
60 2012 2074 13
144 2035 2220 9
252 2035 2467 8
139 2248 2508 11
210 2315 2583 7
57 2339 2443 17
212 2374 2709 8
244 2396 2882 9
31 2477 2534 24
254 2490 2863 7
177 2519 2698 7
136 2606 2783 9
310 2678 3048 6
83 2682 2802 13
44 2737 2798 17
77 2765 2912 15
39 2818 2892 22
193 2831 3192 9
21 2871 2899 25
201 2876 3244 9
202 3060 3401 9
267 3153 3655 8
8 3262 3297 57
20 3420 3456 50
27 3270 3988 50
2 3440 3442 137
20 3297 3605 116
8 3442 3450 49
28 3317 3586 62
24 3450 3814 84
30 3345 4090 110
13 3474 3637 63
6 3375 3394 53
25 3487 3849 141
27 3491 3986 162
26 3493 3922 154
27 3499 3853 70
31 3503 4181 86
22 3510 3603 29
12 3518 3588 50
8 3528 3555 111
2 3533 3537 120
7 3537 3572 122
26 3547 3869 121
260 3620 4021 7
108 3759 3899 10
290 3763 4203 7
90 3934 4070 12
261 3963 4484 8
316 4011 4465 6