450
229 0 233 6
235 44 441 8
23 138 179 27
51 148 207 15
64 152 252 15
270 178 588 7
205 272 478 7
47 365 448 19
8 388 403 48
199 389 614 7
137 411 582 9
316 451 838 6
28 488 542 26
36 500 568 22
102 529 704 12
221 607 962 8
255 725 1034 6
226 821 1120 7
96 833 979 12
247 881 1263 7
217 945 1209 7
211 1062 1479 9
279 1219 1683 7
69 1304 1434 16
125 1359 1516 10
171 1404 1664 9
181 1464 1650 7
9 1554 1563 33
259 1554 2011 8
180 1667 1999 10
225 1762 2043 7
250 1836 2329 8
314 1960 2360 6
13 1980 2006 39
233 1980 2383 8
213 2142 2481 8
229 2161 2431 7
303 2166 2521 6
311 2279 2599 5
218 2417 2684 7
241 2477 2765 7
89 2517 2678 14
7 2565 2659 138
8 2570 2669 124
6 2579 2655 145
7 2583 2642 109
10 2600 2668 82
9 2616 2699 101
8 2639 2710 105
8 2642 2722 111
9 2652 2727 96
8 2654 2757 126
5 2664 2722 152
4 2665 2730 201
10 2669 2729 77
8 2675 2750 108
10 2692 2786 96
6 2692 2766 143
9 2700 2773 94
5 2705 2763 152
5 2723 2808 184
9 2743 2818 96
6 2751 2819 137
10 2764 2863 99
10 2791 2880 94
7 2794 2894 142
8 2796 2855 96
10 2811 2906 97
4 2838 2898 193
7 2854 2917 113
9 2854 2942 104
4 2859 2924 201
8 2871 2974 126
5 2904 2968 160
8 2919 2984 100
5 2926 3010 183
6 2954 3012 126
9 2954 3030 96
7 2958 3065 147
10 2976 3079 101
9 3001 3085 101
8 3018 3126 129
6 3048 3114 135
9 3058 3140 100
7 3075 3174 142
10 3095 3196 100
9 3124 3232 115
7 3157 3219 112
5 3172 3259 186
9 3190 3261 93
9 3206 3283 97
8 3228 3295 102
4 3232 3328 244
7 3259 3347 134
10 3268 3345 87
6 3268 3338 139
10 3288 3377 94
4 3304 3364 193
6 3308 3384 145
5 3331 3412 180
10 3356 3448 95
7 3371 3469 141
6 3383 3460 146
8 3403 3497 121
10 3420 3529 104
4 3452 3526 215
4 3467 3528 195
6 3470 3568 164
5 3496 3593 196
5 3514 3599 184
8 3519 3584 100
6 3528 3611 151
8 3549 3620 105
7 3551 3647 139
5 3583 3672 188
4 3594 3648 183
5 3611 3683 169
4 3633 3704 210
8 3652 3738 115
8 3660 3731 105
6 3675 3753 147
9 3682 3777 108
5 3693 3766 170
20 3691 3969 144
23 3698 4136 109
20 3711 4086 103
27 3721 3856 23
11 3731 3750 74
17 3748 3877 94
31 3742 4160 123
23 3765 4201 70
24 3773 3877 73
3 3788 3793 117
4 3797 3804 40
24 3791 3843 46
23 3801 4257 110
9 3815 3829 59
15 3824 3927 134
2 3824 3826 100
16 3839 4067 141
22 3826 4069 116
7 3855 3902 79
22 3848 3951 38
21 3862 4128 83
14 3870 4011 135
3 3883 3890 62
10 3884 3969 96
27 3886 4260 62
20 3894 4095 136
11 3913 4033 78
18 3914 4041 83
17 3924 4003 64
8 3932 3960 69
23 3941 4328 66
26 3940 4171 100
14 3964 4105 59
29 3966 4158 52
7 3978 4012 44
16 3995 4171 65
14 3985 4124 148
16 4011 4192 114
4 3999 4005 92
20 4027 4308 47
25 4003 4190 27
5 4047 4052 42
12 4028 4123 74
14 4052 4069 18
22 4040 4214 51
25 4066 4517 140
18 4062 4375 127
14 4091 4259 114
22 4080 4138 61
21 4105 4230 75
10 4102 4165 54
13 4126 4292 58
19 4112 4346 143
24 4139 4587 173
5 4131 4145 54
31 4163 5045 55
13 4136 4271 90
14 4194 4347 92
10 4149 4197 114
24 4208 4457 74
11 4159 4244 127
28 4232 4342 23
3 4170 4179 64
19 4260 4603 149
28 4173 4568 45
2 4279 4282 145
9 4201 4272 77
30 4281 5066 84
23 4210 4665 57
28 4311 4754 148
10 4233 4331 113
27 4339 4925 100
23 4243 4504 117
17 4366 4595 127
7 4266 4282 37
20 4383 4513 89
2 4273 4276 109
2 4403 4407 96
5 4275 4283 67
23 4405 4928 79
20 4280 4650 161
4 4428 4439 146
27 4300 4943 159
4 4508 4570 196
7 4528 4604 124
10 4535 4604 83
4 4546 4630 229
10 4565 4649 91
7 4580 4681 143
7 4597 4696 142
9 4605 4681 96
6 4613 4678 134
7 4630 4737 147
7 4632 4726 138
4 4641 4711 209
5 4662 4766 203
7 4679 4738 109
4 4680 4761 225
7 4707 4781 122
5 4714 4778 160
8 4727 4826 124
8 4754 4855 125
9 4773 4839 90
8 4788 4869 112
5 4790 4865 173
10 4801 4904 101
4 4835 4913 220
6 4845 4904 128
10 4850 4929 88
8 4860 4954 121
8 4873 4960 116
6 4897 4994 164
4 4913 4995 226
7 4929 4994 115
4 4942 4997 185
10 4950 5036 92
5 4956 5038 181
8 4970 5028 95
4 4982 5084 252
4 5015 5112 246
4 5018 5111 241
10 5018 5088 83
6 5020 5117 164
7 5035 5140 146
79 5066 5145 11
174 5083 5403 10
248 5137 5469 7
33 5141 5202 23
244 5151 5577 8
17 5308 5341 33
35 5309 5352 18
302 5309 5853 7
197 5360 5607 7
69 5474 5554 12
259 5505 5901 7
255 5587 5878 6
222 5614 6009 8
9 5624 5642 47
227 5633 6073 9
301 5771 6320 7
174 5773 6056 9
137 5807 6007 10
99 5835 5995 12
84 5882 6037 14
62 5941 6021 14
38 5968 6009 16
175 5968 6211 8
136 6004 6210 10
199 6007 6325 8
159 6045 6331 10
275 6088 6618 8
164 6104 6283 8
36 6118 6164 18
125 6139 6340 11
287 6236 6672 7
137 6355 6616 11
130 6443 6622 10
258 6480 6921 8
91 6513 6686 14
101 6588 6725 11
126 6635 6852 11
186 6684 6872 7
10 6733 6843 104
5 6735 6833 197
7 6737 6806 118
5 6744 6826 181
8 6764 6840 108
4 6768 6858 237
8 6788 6885 123
7 6816 6876 110
8 6824 6884 96
8 6828 6908 111
7 6843 6903 110
6 6849 6954 170
9 6884 6965 100
9 6890 6967 97
4 6896 6998 252
5 6914 7012 197
5 6943 7013 167
5 6951 7016 161
7 6957 7053 139
4 6988 7086 247
4 7005 7086 225
7 7015 7077 112
6 7024 7090 135
5 7044 7131 186
9 7049 7113 88
9 7052 7136 101
7 7066 7163 140
9 7086 7146 86
10 7099 7208 104
7 7127 7206 126
7 7127 7224 140
5 7149 7210 156
8 7158 7230 106
8 7171 7231 96
7 7172 7266 138
6 7201 7303 168
10 7232 7304 84
9 7236 7316 99
7 7238 7325 133
10 7266 7361 97
8 7282 7349 102
7 7284 7377 137
6 7289 7347 126
7 7302 7376 122
10 7313 7374 78
7 7330 7419 134
5 7344 7426 181
8 7358 7455 123
4 7361 7432 210
7 7379 7461 129
6 7386 7458 141
8 7403 7481 110
5 7404 7480 174
6 7419 7488 138
4 7439 7498 192
7 7458 7523 115
5 7461 7544 182
9 7465 7533 91
8 7468 7543 108
10 7470 7580 104
9 7497 7603 114
6 7521 7588 136
7 7542 7633 136
7 7543 7603 110
5 7563 7658 194
8 7569 7669 125
4 7585 7678 241
8 7599 7697 123
6 7603 7670 136
8 7617 7701 114
10 7619 7679 77
5 7624 7695 168
6 7645 7721 145
8 7664 7732 103
10 7673 7744 84
6 7673 7765 159
8 7686 7744 95
9 7703 7762 85
5 7717 7794 175
6 7739 7810 140
4 7761 7852 238
9 7790 7869 98
6 7806 7866 129
6 7812 7912 166
9 7813 7922 116
6 7817 7890 142
9 7823 7930 114
5 7833 7937 203
5 7862 7941 177
10 7874 7951 87
5 7878 7957 177
8 7903 7998 121
10 7916 7979 79
7 7927 7986 109
5 7934 7999 161
8 7948 8020 106
9 7958 8022 88
4 7962 8025 198
6 7967 8051 152
6 7986 8062 145
9 8007 8082 96
6 8027 8086 128
10 8032 8127 97
9 8053 8122 92
7 8061 8125 114
9 8068 8158 105
6 8098 8193 162
9 8121 8188 90
7 8131 8195 114
6 8133 8207 143
7 8142 8232 135
7 8164 8264 142
4 8178 8263 230
8 8193 8297 127
6 8210 8283 142
9 8214 8308 107
6 8233 8333 166
6 8236 8300 133
9 8247 8319 94
6 8255 8345 158
8 8283 8351 103
4 8296 8391 243
6 8315 8387 141
5 8319 8389 167
7 8330 8388 108
10 8346 8422 87
4 8361 8423 196
5 8380 8472 191
5 8404 8496 191
10 8419 8527 103
4 8422 8515 241
7 8430 8494 114
26 8443 8504 30
17 8464 8510 39
9 8473 8498 55
27 8477 8536 28
21 8499 8558 36
21 8523 8583 36
26 8540 8591 27
23 8553 8619 35
6 8583 8598 64
18 8588 8619 30
17 8603 8631 31
6 8612 8626 62
4 8617 8627 79
13 8620 8640 34
24 8627 8671 27
22 8647 8693 30
27 8661 8736 32
12 8697 8718 38
7 8704 8724 63
24 8711 8760 29
12 8734 8753 36
12 8741 8766 41
19 8749 8782 30
9 8763 8786 53
3 8770 8776 81
7 8773 8792 62
17 8782 8820 36
16 8799 8846 42
20 8819 8872 36
21 8842 8897 35
14 8857 8892 42
6 8871 8880 50
12 8874 8893 36