100
27 0 81 33
3 14 21 88
27 15 89 31
5 39 48 60
5 43 52 60
22 47 96 31
28 66 147 32
17 80 110 32
8 88 105 51
28 95 168 30
6 123 134 55
15 128 169 42
28 140 214 30
20 170 206 30
25 187 242 29
2 201 204 86
102 202 400 13
290 292 717 7
49 328 395 16
223 357 730 8
51 514 600 18
111 524 677 11
49 531 606 17
302 533 869 6
291 619 949 6
206 631 866 7
187 663 1036 10
185 786 1047 8
270 898 1178 6
10 964 1050 92
5 989 1070 180
5 1005 1086 180
5 1017 1109 191
9 1025 1103 98
7 1037 1130 137
7 1066 1133 116
8 1081 1176 121
7 1085 1177 137
9 1093 1171 98
9 1110 1180 92
6 1111 1202 158
8 1122 1223 125
8 1128 1200 106
9 1137 1210 94
7 1145 1227 129
4 1161 1260 248
6 1188 1249 130
9 1207 1272 89
90 1213 1343 12
139 1272 1457 9
284 1326 1835 7
180 1498 1797 9
258 1633 2067 8
31 1636 1679 21
290 1642 2114 7
61 1657 1743 15
50 1675 1769 19
316 1675 2279 7
169 1921 2206 9
286 1921 2246 6
43 2077 2131 17
281 2094 2433 6
281 2166 2707 8
90 2345 2439 10
62 2385 2456 13
18 2435 2600 52
23 2447 2857 161
3 2453 2458 92
23 2470 2671 52
4 2456 2468 144
2 2493 2497 103
2 2460 2463 95
26 2495 2986 115
2 2462 2465 105
31 2521 2700 83
22 2464 2697 85
6 2552 2558 49
25 2486 2596 51
7 2558 2599 96
8 2511 2545 51
21 2565 2822 119
5 2519 2542 144
10 2586 2600 72
12 2524 2626 157
18 2596 2694 97
4 2536 2549 169
11 2614 2690 50
11 2540 2578 85
7 2625 2652 124
15 2551 2582 47
4 2632 2646 103
26 2566 2700 43
12 2636 2741 135
17 2592 2678 87
24 2648 3122 141
10 2609 2642 101
11 2672 2761 105
18 2619 2782 37
28 2683 3242 141
27 2637 2923 94