400
17 0 28 31
125 6 141 9
245 45 502 8
74 93 240 16
136 122 372 11
127 154 408 12
259 177 612 8
153 379 602 9
108 406 517 9
286 446 769 6
140 451 697 11
296 511 935 6
63 707 809 16
8 714 723 37
85 715 838 13
29 766 815 24
105 787 936 11
247 820 1144 7
200 847 1238 9
196 935 1264 9
310 1034 1353 5
141 1119 1323 10
50 1182 1276 19
211 1210 1473 7
210 1304 1675 9
278 1423 1774 6
209 1470 1804 8
178 1531 1711 7
69 1594 1691 14
57 1642 1724 15
68 1678 1784 15
20 1682 1718 30
17 1685 1714 31
69 1696 1829 16
201 1739 1959 7
61 1762 1879 17
26 1793 1824 21
12 1806 1818 28
104 1811 2003 13
312 1832 2297 6
132 2058 2287 11
239 2101 2424 7
159 2167 2482 11
23 2238 2262 21
53 2242 2340 18
88 2283 2459 15
207 2355 2675 8
163 2425 2639 8
19 2428 2478 74
23 2428 2868 130
24 2433 2911 84
31 2441 2855 103
13 2448 2527 63
10 2449 2525 162
25 2459 2886 164
28 2468 3242 100
7 2469 2518 132
5 2478 2500 116
2 2487 2491 129
2 2493 2497 180
4 2498 2513 50
27 2507 2715 84
31 2511 2794 74
8 2518 2534 80
15 2526 2690 146
30 2535 2777 94
4 2535 2543 59
12 2537 2566 29
5 2545 2561 129
30 2546 3171 150
20 2550 2766 39
31 2559 3325 141
26 2564 3240 174
17 2570 2740 91
30 2571 3067 91
9 2574 2635 123
26 2577 2809 77
12 2582 2650 35
14 2592 2727 53
28 2596 2893 102
11 2598 2693 141
18 2603 2802 74
8 2613 2660 106
11 2622 2711 121
31 2631 3531 70
24 2631 2809 34
23 2638 2850 111
30 2648 2767 38
5 2652 2674 145
24 2654 2978 47
9 2655 2698 95
20 2659 2882 67
24 2669 3036 50
4 2788 2892 254
5 2820 2897 175
4 2825 2895 209
8 2848 2956 129
10 2851 2944 96
7 2877 2950 122
10 2889 2968 88
8 2911 2991 111
7 2931 3017 132
9 2942 3004 87
10 2948 3017 83
6 2954 3014 129
7 2955 3048 137
4 2970 3028 190
10 2980 3041 78
9 2987 3062 96
7 3008 3075 116
4 3024 3104 223
10 3034 3128 96
4 3056 3111 185
10 3070 3160 94
10 3083 3148 80
6 3085 3157 141
6 3101 3196 162
5 3121 3184 158
7 3124 3186 112
7 3141 3230 134
7 3165 3250 131
10 3166 3248 90
6 3189 3262 142
6 3205 3302 164
8 3211 3306 121
10 3215 3302 93
9 3225 3310 102
10 3242 3319 87
8 3249 3348 124
6 3272 3329 125
5 3276 3353 175
10 3278 3366 93
10 3289 3374 92
10 3302 3406 101
5 3331 3436 204
6 3331 3390 128
7 3332 3406 122
4 3335 3403 206
4 3342 3431 235
10 3345 3412 81
9 3367 3474 114
8 3368 3456 117
6 3383 3461 147
4 3391 3472 225
10 3395 3500 102
8 3414 3475 97
6 3431 3516 153
10 3440 3532 95
10 3459 3562 101
7 3467 3524 107
5 3486 3591 204
6 3497 3561 133
6 3505 3611 171
4 3538 3628 237
9 3559 3624 89
7 3559 3619 110
8 3563 3629 101
4 3575 3678 253
5 3602 3674 169
8 3603 3676 106
5 3603 3693 189
7 3626 3716 135
6 3641 3704 132
4 3654 3715 195
9 3669 3740 93
7 3679 3739 110
7 3684 3761 125
4 3695 3759 200
6 3705 3803 164
6 3716 3814 164
6 3725 3783 126
4 3739 3835 244
6 3758 3819 130
5 3775 3862 186
6 3776 3858 150
6 3783 3842 128
4 3787 3852 201
9 3788 3871 101
5 3804 3885 180
8 3823 3892 103
3 3832 3839 122
7 3835 3866 84
27 3843 4491 145
7 3852 3891 120
17 3856 3902 51
5 3864 3876 118
13 3869 3939 47
8 3879 3920 132
23 3879 4061 65
15 3886 4006 118
18 3887 4203 178
4 3893 3902 96
4 3896 3909 172
8 3899 3960 131
4 3904 3914 146
29 3908 4625 144
15 3916 4136 94
17 3925 4192 89
20 3925 4101 51
26 3931 4573 145
23 3938 4245 143
30 3948 4028 30
8 3958 4011 132
15 3958 4102 148
26 3965 4265 91
30 3968 4610 156
18 3975 4018 65
8 3983 4028 142
29 3989 4739 120
6 3993 4024 164
8 3995 4024 87
19 3999 4341 72
12 4005 4079 137
5 4006 4030 128
18 4008 4311 80
2 4012 4016 114
25 4013 4551 160
16 4016 4259 176
9 4019 4041 62
30 4020 4635 134
22 4026 4159 72
10 4030 4073 111
9 4037 4071 105
8 4044 4095 125
9 4050 4109 67
8 4052 4075 36
9 4053 4121 50
7 4060 4102 62
6 4067 4100 186
28 4068 4652 57
21 4073 4138 64
8 4083 4104 90
4 4091 4104 104
20 4100 4324 46
18 4100 4419 151
3 4109 4117 131
12 4109 4147 27
13 4114 4160 89
10 4121 4177 58
6 4121 4145 149
31 4130 4263 71
17 4130 4396 82
3 4139 4148 123
27 4149 4267 68
31 4156 4835 163
2 4163 4167 190
5 4164 4187 74
9 4171 4207 67
22 4174 4245 43
27 4183 4860 112
29 4184 4544 33
8 4191 4252 160
26 4199 4571 67
30 4199 4464 72
26 4207 4640 150
4 4210 4225 189
13 4218 4257 27
15 4219 4396 83
8 4226 4279 101
4 4236 4248 170
15 4239 4288 25
7 4242 4291 81
20 4248 4531 158
13 4252 4313 42
7 4262 4300 62
2 4263 4267 58
29 4266 4861 161
20 4274 4658 82
12 4282 4356 98
4 4287 4301 164
17 4291 4551 125
14 4300 4477 69
16 4300 4376 92
24 4306 4481 63
16 4309 4353 43
3 4309 4315 94
21 4314 4681 151
8 4319 4371 82
25 4321 4496 65
30 4331 4958 135
22 4337 4648 119
19 4342 4619 162
23 4344 4561 75
21 4344 4414 31
6 4353 4371 104
27 4355 4453 43
22 4365 4739 102
12 4367 4487 45
10 4369 4396 73
4 4379 4395 122
17 4386 4606 82
7 4388 4402 86
31 4398 4734 105
29 4404 4822 137
24 4413 4989 88
17 4413 4475 35
14 4415 4492 38
10 4418 4472 123
30 4426 5001 117
19 4431 4696 97
31 4436 5183 69
11 4441 4545 126
10 4442 4487 128
30 4448 5347 113
28 4455 4526 17
5 4455 4468 88
14 4463 4570 116
3 4487 4493 81
16 4488 4520 35
9 4498 4512 41
14 4503 4543 45
21 4522 4554 26
14 4533 4558 35
18 4542 4582 35
30 4552 4628 29
31 4570 4652 29
22 4600 4645 30
31 4622 4711 30
26 4643 4707 30
14 4669 4693 34
13 4680 4710 42
14 4686 4707 32
3 4694 4700 81
28 4697 4742 23
7 4719 4740 65
21 4729 4771 30
26 4739 4780 24
28 4754 4801 24
29 4773 4821 23
15 4789 4832 43
16 4810 4856 42
28 4823 4872 25
31 4847 4927 28
30 4863 4932 27
28 4882 4949 29
28 4906 4951 23
5 4924 4938 74
29 4931 4981 24
24 4947 4994 28
5 4959 4969 63
2 4963 4966 86
27 4964 5012 25
23 4979 5035 32
25 4996 5071 34
3 5009 5015 81
16 5010 5053 40
16 5030 5064 36
1 5042 5043 100
7 5042 5057 55
25 5048 5104 29
5 5070 5082 69
15 5073 5098 33
28 5082 5125 23
21 5102 5133 26
21 5115 5171 35
16 5129 5160 34
10 5143 5169 50
2 5156 5160 100
22 5157 5216 34
8 5176 5192 50
30 5180 5245 26
1 5197 5199 141
25 5198 5270 33
16 5221 5266 41
19 5233 5278 35
8 5255 5277 58
18 5266 5299 31
22 5279 5334 33
21 5304 5352 32
30 5321 5395 28
18 5337 5387 39
14 5349 5386 43
8 5367 5388 57
7 5376 5394 60
30 5385 5430 22
27 5403 5467 29
24 5422 5489 34
15 5441 5479 41
31 5454 5502 22
9 5473 5486 40
30 5478 5547 27
28 5496 5548 25
3 5519 5528 100
9 5523 5538 43
17 5528 5575 40
18 5549 5598 38
23 5562 5628 35
14 5593 5622 38
30 5602 5652 23
28 5625 5677 25
31 5639 5688 22
1 5656 5658 141
5 5657 5664 52
2 5659 5662 86
13 5660 5685 38
8 5671 5689 53
16 5678 5711 35
13 5686 5716 42
23 5699 5743 28
31 5720 5771 23