250
8 0 98 123
6 29 85 124
10 34 141 103
10 55 127 84
6 68 150 150
5 89 155 162
9 106 166 86
4 120 190 209
9 143 236 107
9 169 268 110
10 182 275 96
4 199 259 193
6 215 275 129
10 223 323 100
5 229 284 148
8 237 295 95
8 245 312 102
10 265 360 97
12 265 372 152
27 271 967 172
19 275 382 71
25 281 487 74
28 286 424 51
10 294 367 68
28 302 746 140
4 312 328 97
28 318 416 36
9 319 396 56
10 327 418 156
9 332 407 182
12 340 475 145
21 344 523 70
28 349 909 122
21 350 720 50
12 356 497 159
31 365 465 27
2 367 371 104
29 369 466 52
20 370 478 97
24 372 720 56
30 378 865 80
9 387 435 147
20 394 459 69
23 395 669 37
2 401 405 101
26 406 675 126
12 419 443 40
286 425 712 5
118 457 648 11
67 522 603 13
150 561 787 10
205 598 974 9
168 760 1001 9
74 804 890 12
218 824 1064 7
271 913 1349 7
295 971 1279 5
198 1031 1252 7
23 1112 1143 24
27 1229 1561 101
25 1135 1290 59
16 1256 1303 50
4 1160 1174 94
8 1272 1305 35
2 1164 1167 101
18 1280 1473 71
12 1166 1266 89
10 1298 1332 57
26 1178 1405 37
9 1308 1325 36
25 1204 1659 107
29 1317 2144 137
4 1229 1238 90
10 1346 1434 153
26 1233 1264 23
6 1356 1382 127
19 1259 1374 63
23 1362 1392 27
28 1278 1804 41
24 1385 1430 34
3 1306 1314 156
2 1409 1412 145
11 1309 1359 124
13 1411 1438 40
18 1320 1598 60
4 1424 1436 45
10 1338 1426 163
2 1428 1431 74
19 1348 1502 49
13 1430 1467 59
8 1367 1428 163
6 1443 1478 156
19 1375 1703 143
24 1449 1688 62
29 1394 2202 78
15 1473 1529 68
24 1423 1745 39
7 1488 1513 128
6 1447 1470 96
3 1495 1500 97
24 1453 1914 73
10 1498 1516 39
8 1477 1512 42
2 1508 1512 155
31 1485 2291 132
15 1510 1558 28
12 1516 1571 103
27 1517 1790 63
30 1527 1887 49
16 1529 1706 83
21 1537 1966 112
8 1543 1569 35
6 1553 1581 113
14 1556 1668 78
29 1560 2371 102
25 1567 1672 70
27 1573 1876 114
14 1573 1646 93
30 1575 1805 71
29 1579 2041 42
12 1583 1633 56
31 1591 2407 172
19 1598 1856 159
21 1622 1770 35
18 1617 1746 98
30 1643 1949 63
28 1635 1845 83
23 1673 2186 123
2 1663 1665 45
11 1696 1801 99
19 1665 1775 99
28 1707 1991 65
9 1684 1712 72
11 1735 1790 37
27 1693 1908 40
4 1746 1756 83
17 1720 1996 189
3 1750 1754 55
13 1737 1793 84
37 1739 1793 19
197 1747 1950 7
100 1747 1947 14
4 1829 1837 70
195 1832 2212 9
69 1997 2092 14
20 2020 2049 26
99 2020 2216 14
123 2102 2309 11
113 2183 2333 10
17 2216 2243 30
306 2218 2578 6
125 2228 2405 10
206 2298 2669 9
47 2410 2458 14
45 2419 2508 20
7 2444 2463 62
10 2448 2475 51
1 2456 2458 141
30 2456 2535 29
4 2479 2488 75
21 2482 2530 32
21 2493 2554 37
5 2509 2522 72
10 2513 2529 40
5 2521 2535 74
10 2526 2552 50
10 2535 2558 47
14 2546 2573 37
22 2556 2606 32
7 2563 2665 144
6 2596 2655 128
8 2614 2705 119
8 2631 2730 124
8 2640 2730 118
6 2643 2733 158
6 2667 2748 150
5 2683 2770 186
4 2700 2774 215
5 2705 2773 164
8 2726 2810 114
4 2745 2810 201
8 2750 2829 111
7 2758 2860 144
22 2758 2891 39
13 2765 2928 51
25 2780 2935 72
30 2778 3520 70
22 2805 3145 53
30 2808 3365 70
3 2827 2833 53
31 2838 3654 90
17 2830 3096 78
6 2869 2889 52
7 2847 2888 89
23 2875 3390 192
31 2854 3410 92
55 3042 3097 13
58 3042 3139 16
256 3054 3333 6
197 3175 3507 9
183 3292 3573 9
201 3390 3604 7
194 3484 3820 9
299 3647 4173 7
13 3815 3829 28
101 3816 3997 13
169 3881 4063 7
96 3964 4079 11
221 3986 4349 8
269 4067 4382 6
22 4207 4527 64
2 4336 4338 132
22 4229 4628 76
23 4338 4523 65
15 4251 4462 93
26 4361 4546 75
30 4266 5012 112
10 4387 4438 132
24 4296 4593 37
6 4397 4430 154
11 4320 4332 49
12 4403 4449 58
25 4331 4632 115
31 4415 5201 151
8 4356 4411 136
30 4446 4629 81
30 4364 4759 76
21 4476 4607 73
150 4528 4761 10
95 4571 4738 13
280 4642 5028 7
171 4785 4961 7
132 4868 5086 11
293 4927 5513 8
87 5203 5373 14
272 5266 5664 7
209 5438 5698 7
23 5543 5581 26
163 5545 5752 8
36 5617 5683 22
120 5631 5869 12
153 5746 5938 9
88 5775 5887 12
264 5800 6170 7
159 5833 6114 10
299 5899 6215 5
156 5927 6231 11
7 5984 5992 40
244 5987 6355 7
87 6111 6230 12