500
10 0 82 90
7 27 100 122
5 33 114 180
4 34 123 235
10 47 153 102
6 47 123 145
6 51 152 167
7 52 148 139
4 56 142 231
6 59 132 142
4 79 170 238
6 92 195 169
7 116 195 126
8 139 222 113
5 166 227 156
5 185 287 201
5 196 254 152
9 204 270 90
4 223 312 235
8 245 341 122
4 269 338 207
9 286 355 92
4 308 384 217
8 322 428 128
5 326 386 154
5 327 414 186
9 336 412 96
5 344 408 160
4 345 447 252
7 354 456 144
10 386 453 81
6 386 481 162
7 411 483 121
6 422 497 144
9 444 527 101
7 448 529 128
10 456 521 80
4 469 531 196
8 474 543 103
10 496 559 79
10 517 608 95
8 542 606 100
10 554 652 98
9 555 648 107
11 582 601 39
22 588 650 35
30 610 683 28
23 637 701 34
12 651 673 39
15 659 695 40
22 669 704 26
1 682 683 100
9 682 708 56
18 695 727 31
6 704 719 64
10 710 727 41
20 718 752 29
12 735 757 39
11 746 776 49
20 751 811 38
27 769 815 25
9 784 801 45
13 791 828 46
19 808 865 39
3 828 832 66
19 829 867 32
14 841 879 44
30 859 929 27
16 890 922 35
11 904 926 42
9 912 927 43
16 918 963 41
12 940 964 40
12 950 981 46
11 961 983 42
5 970 978 56
25 974 1012 24
30 987 1054 27
15 1013 1054 42
77 1017 1100 11
245 1018 1379 7
20 1022 1044 23
127 1031 1164 9
4 1074 1080 61
134 1076 1268 10
191 1127 1400 8
57 1201 1304 17
225 1227 1454 6
213 1321 1537 6
64 1376 1481 16
216 1401 1677 7
224 1439 1663 6
22 1448 1475 23
81 1454 1555 12
197 1481 1800 9
140 1562 1806 11
6 1667 1679 57
102 1673 1866 13
238 1696 2128 8
114 1824 2040 12
304 1834 2296 7
258 2056 2510 8
92 2057 2238 14
188 2117 2390 8
24 2209 2233 20
19 2221 2256 31
306 2226 2597 6
239 2377 2759 8
175 2551 2732 7
299 2630 2962 6
294 2742 3077 6
272 2800 3138 6
94 2950 3106 13
217 2961 3192 7
17 2962 3196 96
23 2965 3479 175
28 2974 3671 113
28 2981 3094 49
15 2986 3157 155
14 2988 3114 101
24 2989 3417 56
10 2990 3013 30
16 2994 3212 65
28 2994 3191 59
18 2994 3051 76
15 3002 3170 149
19 3010 3074 70
9 3018 3040 66
8 3028 3061 60
30 3030 3668 59
5 3033 3047 65
29 3033 3265 42
20 3037 3322 150
27 3037 3610 60
15 3047 3167 44
4 3053 3067 96
30 3056 3737 162
6 3066 3096 159
7 3071 3118 132
9 3077 3153 57
13 3085 3244 151
6 3091 3112 99
16 3100 3171 91
23 3108 3187 20
20 3112 3334 127
11 3113 3170 93
21 3116 3215 59
25 3125 3722 143
22 3131 3446 102
25 3140 3744 154
15 3148 3288 156
5 3152 3171 70
15 3152 3315 110
15 3158 3355 85
13 3166 3269 122
24 3168 3412 62
19 3170 3526 187
147 3216 3497 11
166 3223 3456 9
52 3322 3407 17
269 3351 3804 7
257 3567 3862 6
20 3604 3634 27
220 3615 3845 6
136 3676 3857 9
259 3690 3977 6
212 3719 4032 8
44 3855 3939 20
211 3872 4190 8
218 4021 4386 8
77 4112 4228 13
142 4155 4357 10
201 4162 4532 9
127 4266 4430 10
50 4285 4358 17
276 4308 4646 6
182 4370 4569 7
91 4460 4581 12
232 4499 4800 7
171 4529 4811 9
92 4642 4799 13
28 4711 4742 19
102 4724 4906 13
105 4748 4938 13
254 4826 5223 7
115 4876 5083 12
216 4942 5281 8
227 5077 5461 8
252 5088 5465 7
279 5140 5612 7
10 5145 5210 80
9 5162 5237 96
10 5170 5259 94
9 5183 5260 97
9 5203 5264 86
9 5204 5280 96
5 5205 5304 198
7 5206 5303 140
7 5226 5299 122
6 5229 5328 165
7 5236 5321 131
7 5263 5338 123
5 5274 5355 180
9 5281 5358 97
9 5281 5361 99
10 5293 5376 91
5 5308 5364 149
5 5310 5407 196
5 5314 5408 193
5 5334 5399 161
4 5348 5410 196
7 5367 5445 126
4 5386 5450 200
4 5400 5493 241
8 5424 5510 115
4 5451 5551 250
10 5456 5521 80
5 5461 5522 156
5 5481 5552 168
5 5483 5541 152
10 5495 5599 101
9 5523 5615 106
6 5531 5625 161
6 5538 5628 158
10 5554 5652 98
5 5566 5634 164
7 5579 5646 116
9 5591 5665 95
4 5610 5679 207
7 5611 5697 132
4 5627 5702 216
9 5640 5734 107
9 5656 5760 113
6 5668 5749 150
5 5688 5763 173
4 5693 5748 185
8 5709 5798 117
10 5727 5834 103
7 5760 5856 139
7 5792 5889 140
5 5811 5887 174
10 5821 5886 80
5 5830 5905 173
5 5847 5936 188
6 5868 5958 158
7 5888 5972 130
9 5910 5985 96
6 5932 6002 139
4 5943 6030 233
9 5972 6080 115
9 5994 6103 116
10 6028 6138 104
6 6043 6112 138
7 6064 6159 139
10 6095 6178 91
4 6101 6183 226
6 6109 6170 130
5 6113 6205 191
4 6121 6207 231
2 6118 6122 128
27 6125 6450 108
20 6120 6511 187
16 6152 6225 70
16 6140 6396 132
16 6168 6283 91
4 6156 6168 67
15 6184 6235 65
8 6160 6171 77
29 6199 7025 198
18 6168 6199 35
28 6228 6657 49
18 6186 6482 51
8 6256 6276 57
16 6204 6448 156
13 6264 6312 100
19 6220 6312 27
8 6277 6323 49
17 6239 6265 49
12 6285 6335 59
24 6256 6626 119
14 6297 6485 56
24 6280 6806 161
5 6311 6336 160
7 6304 6340 125
4 6316 6326 48
7 6311 6353 54
5 6320 6330 90
4 6318 6328 59
11 6325 6379 39
7 6322 6371 167
16 6336 6433 36
9 6329 6347 43
26 6352 6663 70
28 6338 6374 29
26 6378 6805 58
7 6392 6455 113
7 6401 6506 146
4 6416 6476 193
7 6426 6497 120
9 6430 6531 111
6 6442 6509 136
5 6452 6554 201
8 6464 6555 119
4 6488 6548 193
4 6495 6569 215
6 6496 6563 136
4 6513 6580 204
10 6514 6583 83
7 6525 6606 128
6 6532 6628 163
5 6532 6612 178
10 6532 6639 103
6 6556 6638 150
5 6575 6651 174
8 6592 6686 121
10 6604 6675 84
8 6605 6693 117
9 6609 6679 92
9 6625 6733 115
5 6635 6701 162
10 6643 6713 83
8 6643 6716 106
6 6650 6728 147
4 6659 6715 187
9 6666 6744 98
8 6676 6765 117
8 6705 6796 119
6 6705 6791 154
9 6723 6821 109
5 6738 6796 152
7 6740 6847 147
5 6773 6857 183
255 6787 7218 8
284 6790 7281 7
290 7033 7542 7
120 7231 7396 10
104 7304 7457 11
295 7314 7845 7
107 7552 7749 13
124 7621 7857 12
266 7661 8017 7
276 7772 8228 7
103 8000 8195 13
164 8066 8378 10
238 8107 8564 8
126 8265 8454 10
230 8277 8609 7
190 8306 8542 8
188 8340 8713 10
74 8496 8592 13
258 8497 8861 7
57 8652 8737 16
58 8662 8730 14
116 8692 8890 12
122 8724 8904 10
125 8746 8964 11
277 8798 9185 7
288 8868 9346 7
141 9070 9281 10
146 9150 9380 10
111 9167 9300 10
147 9185 9352 8
309 9249 9562 5
135 9276 9490 10
302 9333 9730 6
142 9443 9683 10
228 9478 9814 8
207 9602 10003 9
100 9642 9792 12
209 9647 9938 8
229 9683 9928 6
62 9721 9805 14
87 9752 9902 14
24 9779 9804 20
114 9787 9953 11
89 9842 9965 12
120 9893 10130 12
250 9993 10378 7
103 10104 10290 13
47 10117 10183 17
19 10139 10174 31
14 10146 10160 26
270 10151 10690 8
71 10407 10506 14
198 10434 10816 9
315 10439 10988 7
188 10597 10830 8
313 10620 11058 6
46 10814 10900 20
252 10851 11144 6
316 10924 11517 7
130 11097 11240 9
168 11161 11445 10
14 11283 11303 31
19 11290 11328 32
288 11296 11601 6
261 11355 11707 7
26 11428 11477 26
137 11440 11681 11
46 11442 11501 16
252 11454 11879 8
242 11514 11792 6
107 11562 11768 13
142 11641 11881 10
21 11645 11911 70
13 11646 11777 101
6 11653 11666 43
15 11661 11729 94
2 11666 11670 60
11 11672 11770 103
21 11682 11727 16
13 11684 11788 121
17 11686 11902 52
26 11690 11951 90
3 11695 11701 135
8 11699 11741 155
26 11705 11913 58
11 11705 11814 63
7 11707 11756 184
28 11712 12028 72
12 11721 11786 39
17 11724 11895 97
15 11726 11937 169
9 11733 11768 56
31 11739 11854 27
4 11743 11755 149
24 11745 12287 162
9 11754 11790 98
18 11760 11849 88
14 11761 11902 122
22 11763 11966 34
24 11771 11847 58
8 11776 11822 104
23 11780 11837 37
26 11788 12173 106
25 11788 12349 49
2 11793 11797 104
16 11801 12045 88
3 11803 11809 143
14 11806 11950 108
13 11814 11950 58
29 11821 12202 94
23 11831 12262 153
4 11831 11844 106
2 11837 11841 141
11 11844 11939 170
22 11848 12265 177
230 11850 12234 8
204 11975 12186 7
107 12035 12203 12
121 12044 12282 12
51 12073 12166 18
95 12079 12266 14
221 12149 12447 7
252 12242 12570 7
277 12263 12805 8
6 12334 12343 50
311 12337 12766 6
74 12412 12557 16
307 12444 12894 6
217 12451 12842 9
234 12507 12838 7
249 12544 12949 8
185 12561 12905 10
308 12639 13120 7
143 12686 12886 9
51 12737 12832 19
188 12739 13052 9
9 12850 12867 45
233 12855 13304 9
135 13004 13249 11
19 13071 13094 25
234 13082 13504 8
281 13111 13529 7
285 13262 13666 7
185 13420 13683 8
187 13544 13740 7
30 13635 13686 23
271 13636 14127 8
78 13653 13754 12
238 13678 13962 7
176 13794 14128 10
240 13961 14393 8
289 14070 14597 7
128 14090 14317 11
8 14189 14199 39
19 14189 14221 29
196 14190 14438 8
158 14309 14468 7
282 14358 14744 6
227 14534 14832 7
114 14661 14830 11
215 14665 15058 9
39 14671 14734 20
183 14686 14961 9
128 14742 14986 12
147 14860 15110 10
109 14870 15002 10
68 14895 14986 14
105 14900 15032 10