200
4 0 102 252
9 11 85 95
6 31 115 152
8 47 123 108
6 53 125 141
6 63 148 153
7 86 178 137
5 114 172 152
7 132 202 119
7 149 228 126
5 175 231 149
9 181 256 96
4 195 286 238
9 209 271 87
6 217 289 141
4 228 316 234
4 234 305 210
9 246 349 112
5 259 327 164
6 266 367 167
8 280 340 96
6 290 365 144
8 301 383 113
4 315 416 251
8 334 397 99
9 350 429 98
4 371 446 216
8 396 470 107
6 420 502 150
5 436 497 156
6 448 545 164
4 478 574 244
7 492 571 126
9 498 561 88
6 519 587 137
5 536 601 161
4 553 621 206
223 586 897 7
55 663 770 18
220 673 1066 9
242 851 1208 7
47 858 922 17
152 888 1164 10
69 914 1034 15
24 933 963 22
262 943 1467 8
116 1138 1283 10
138 1200 1360 9
285 1248 1738 7
27 1250 1278 19
7 1260 1267 37
160 1262 1459 8
271 1341 1689 6
22 1514 1556 29
111 1530 1663 10
87 1570 1657 10
293 1608 2050 7
82 1681 1822 14
197 1737 2094 9
269 1908 2212 6
194 1987 2197 7
81 2053 2134 11
238 2059 2385 7
14 2108 2132 34
250 2108 2412 6
251 2157 2657 8
312 2329 2791 6
44 2488 2545 17
18 2641 2902 166
13 2532 2584 56
17 2659 2691 23
25 2545 2597 45
30 2676 2808 53
11 2570 2642 133
10 2706 2800 187
12 2581 2609 42
10 2716 2811 75
30 2593 2998 36
8 2726 2775 120
14 2623 2759 84
23 2734 3069 132
15 2637 2796 57
17 2757 2855 67
30 2652 2706 17
14 2774 2943 79
8 2682 2723 44
2 2788 2791 158
26 2690 3335 189
13 2790 2833 81
31 2716 2817 58
15 2803 3012 101
2 2747 2750 73
17 2818 3072 178
30 2749 2784 24
12 2835 2918 109
17 2779 2917 40
22 2847 3170 90
7 2796 2807 76
31 2869 2988 38
4 2803 2809 108
4 2900 2905 27
31 2807 3658 154
7 2904 2951 151
173 2914 3133 8
220 2951 3305 8
173 2974 3233 9
241 3064 3448 8
107 3255 3369 9
233 3284 3520 6
261 3314 3685 7
153 3356 3575 9
62 3356 3435 14
241 3388 3733 7
137 3548 3777 11
174 3612 3949 10
123 3765 3900 9
69 3829 3912 13
241 3862 4184 7
287 3964 4475 7
271 4205 4560 6
150 4352 4531 8
120 4412 4597 11
119 4441 4654 12
50 4486 4573 18
64 4488 4603 16
60 4504 4596 15
283 4513 4804 6
229 4652 4894 6
21 4728 4754 24
308 4736 5288 7
100 4777 4891 10
159 4789 5073 10
15 4886 4924 41
2 4894 4897 86
1 4895 4898 173
28 4895 4978 32
2 4930 4933 86
15 4931 4961 36
13 4941 4963 36
17 4948 4974 29
18 4958 4991 31
5 4967 4981 74
16 4972 4998 31
14 4984 5018 41
1 4999 5001 141
31 5000 5058 24
12 5023 5054 46
5 5030 5040 63
19 5032 5065 30
26 5041 5083 24
24 5054 5109 30
9 5075 5092 45
13 5080 5108 40
30 5088 5178 31
29 5107 5164 26
17 5135 5165 32
1 5143 5144 100
11 5143 5162 39
29 5149 5215 28
26 5176 5241 31
30 5205 5271 27
6 5237 5250 60
5 5243 5253 63
248 5243 5643 8
32 5307 5362 23
46 5334 5424 20
276 5337 5628 6
51 5480 5580 19
271 5508 6035 8
93 5535 5677 12
289 5596 6062 7
210 5628 6040 9
302 5750 6123 6
297 5786 6194 6
146 5868 6068 9
289 5878 6385 7
122 5947 6085 9
270 6016 6440 7
201 6016 6346 9
17 6083 6117 34
275 6099 6391 6
56 6182 6252 14
308 6195 6676 7
39 6374 6435 20
277 6391 6931 8
46 6534 6621 20
180 6551 6795 8
73 6570 6710 16
91 6623 6761 12
43 6624 6669 15
106 6640 6836 13
31 6679 6729 22
297 6688 7065 6
104 6870 7076 13
139 6973 7162 9
75 6993 7087 12
108 7004 7178 12
132 7079 7322 11
212 7182 7522 8
220 7336 7775 9