300
277 0 355 6
101 48 201 12
108 71 194 10
298 99 684 8
170 366 570 8
10 404 422 42
162 408 588 8
87 488 615 12
88 516 638 12
283 575 969 7
15 633 656 31
150 637 876 10
48 734 792 15
44 738 813 19
199 774 1087 8
7 808 816 40
299 812 1193 6
124 950 1088 9
206 1007 1381 9
305 1127 1598 7
174 1279 1565 9
204 1363 1590 7
57 1443 1541 17
159 1475 1755 10
89 1557 1732 14
16 1571 1595 30
189 1574 1892 9
211 1656 2017 9
150 1826 2011 9
99 1853 2034 13
67 1943 2054 15
255 1997 2399 7
98 2073 2253 13
149 2091 2318 10
231 2157 2516 8
6 2306 2316 52
308 2310 2767 6
158 2506 2761 10
231 2580 3040 9
248 2755 3008 6
179 2797 3040 8
90 2821 2989 14
293 2868 3332 7
25 2894 2935 25
187 2907 3132 8
64 2927 3046 17
81 2927 3043 13
143 2980 3164 9
7 3064 3082 60
1 3067 3069 141
29 3067 3111 22
8 3089 3111 58
1 3100 3101 100
18 3100 3152 40
21 3121 3160 29
26 3132 3183 27
7 3155 3167 49
8 3160 3180 55
11 3170 3194 44
25 3180 3225 26
12 3198 3219 38
20 3208 3241 28
17 3221 3264 38
6 3238 3252 62
3 3244 3251 88
25 3247 3288 25
27 3267 3318 26
16 3288 3317 33
10 3298 3327 53
22 3304 3354 32
29 3326 3397 29
5 3340 3353 72
17 3345 3384 36
25 3358 3411 29
8 3381 3398 51
12 3389 3408 36
28 3395 3455 27
7 3425 3436 47
22 3430 3465 26
19 3447 3490 34
21 3466 3508 30
28 3480 3550 29
18 3507 3554 38
14 3530 3564 41
11 3546 3575 48
28 3556 3635 31
26 3576 3633 29
1 3592 3593 100
4 3592 3604 86
6 3597 3606 50
22 3601 3665 36
31 3625 3684 24
25 3650 3695 26
2 3668 3671 86
23 3669 3713 28
3 3683 3688 74
21 3685 3742 35
28 3712 3758 24
11 3726 3747 41
18 3733 3768 32
18 3750 3793 36
17 3771 3804 33
7 3771 3839 117
4 3793 3890 246
9 3822 3883 86
9 3841 3920 98
9 3864 3947 101
6 3888 3976 156
5 3913 3987 172
8 3933 4040 129
9 3946 4028 100
5 3970 4050 178
10 3982 4083 100
10 4012 4085 85
7 4034 4107 122
8 4051 4132 112
4 4078 4143 201
10 4088 4190 100
4 4101 4171 209
8 4106 4169 99
10 4121 4195 86
5 4136 4225 188
4 4162 4237 216
9 4175 4268 107
9 4206 4307 111
4 4209 4297 234
5 4237 4327 189
8 4260 4360 125
6 4272 4329 125
6 4276 4377 167
8 4283 4372 117
6 4306 4394 156
6 4326 4426 166
7 4350 4442 137
9 4350 4434 101
10 4351 4426 86
8 4368 4450 113
6 4374 4479 170
7 4383 4441 108
8 4399 4483 114
7 4416 4480 114
5 4427 4521 193
9 4429 4537 115
7 4440 4530 135
10 4466 4569 101
4 4497 4580 227
6 4503 4602 165
8 4527 4590 99
6 4530 4594 133
9 4545 4627 100
5 4554 4625 168
10 4570 4680 104
4 4602 4676 215
8 4625 4710 115
7 4636 4695 109
8 4643 4731 117
28 4643 4893 71
4 4649 4665 120
20 4659 4884 42
14 4665 4741 107
13 4670 4827 58
7 4674 4720 88
31 4681 4773 42
13 4691 4847 69
16 4696 4941 126
23 4705 4999 142
4 4710 4724 129
2 4710 4714 195
21 4715 4816 56
31 4725 5291 105
11 4727 4774 64
16 4729 4785 55
28 4735 5493 121
9 4742 4794 119
6 4744 4771 95
21 4746 5002 112
27 4749 5383 70
24 4756 5248 164
24 4760 5325 179
3 4765 4771 52
8 4774 4809 55
15 4776 4977 144
9 4777 4810 76
22 4782 5205 122
16 4784 4820 57
25 4784 5300 68
4 4789 4803 175
10 4795 4821 89
12 4795 4933 143
5 4805 4828 107
18 4812 5063 124
13 4813 4913 149
26 4821 5069 111
24 4821 4894 70
19 4825 5041 86
13 4830 4923 148
15 4837 5025 79
27 4838 5409 119
16 4846 4906 94
21 4849 5104 125
20 4852 5082 150
6 4866 4946 149
8 4874 4936 98
4 4883 4967 229
6 4897 4987 158
8 4908 4993 115
5 4928 4993 161
8 4944 5032 117
5 4953 5030 175
7 4955 5039 130
7 4963 5067 145
4 4987 5044 188
5 5000 5089 188
6 5015 5120 170
8 5030 5100 104
8 5037 5130 120
10 5061 5122 78
6 5077 5177 166
10 5084 5159 86
7 5089 5194 146
10 5107 5214 103
6 5117 5219 168
7 5151 5224 122
10 5156 5224 82
10 5173 5272 99
5 5180 5247 163
8 5183 5290 129
7 5200 5262 112
8 5210 5310 125
7 5238 5312 122
9 5252 5352 111
9 5262 5343 100
6 5286 5367 150
8 5312 5409 123
8 5335 5420 115
5 5357 5458 200
5 5366 5431 161
9 5366 5452 103
7 5377 5447 119
7 5380 5456 124
8 5400 5484 114
7 5411 5472 111
9 5421 5508 103
9 5450 5525 96
5 5450 5523 170
6 5458 5559 167
6 5479 5580 167
10 5483 5589 102
8 5491 5588 123
5 5497 5573 174
7 5519 5590 120
8 5541 5600 96
9 5548 5609 86
9 5561 5666 113
7 5585 5690 146
6 5587 5669 150
8 5593 5693 125
8 5599 5700 125
7 5619 5682 113
9 5637 5734 109
8 5650 5741 119
7 5671 5758 133
10 5691 5800 104
9 5722 5814 106
5 5743 5813 167
4 5745 5839 242
7 5759 5858 142
5 5774 5868 193
6 5782 5884 168
6 5787 5846 128
9 5787 5892 113
10 5794 5866 84
9 5804 5884 99
6 5817 5912 162
8 5846 5940 121
6 5872 5945 142
9 5886 5978 106
6 5911 6010 165
10 5914 6022 103
8 5933 6024 119
7 5937 6022 131
4 5963 6055 239
6 5979 6058 148
8 6001 6060 96
10 6002 6091 94
6 6011 6100 157
5 6034 6127 192
10 6041 6146 102
10 6052 6127 86
7 6077 6165 134
6 6097 6178 150
5 6113 6201 187
5 6135 6200 161
7 6139 6217 126
10 6140 6204 80
10 6146 6213 81
6 6158 6239 150
9 6170 6235 89
5 6188 6248 154
9 6206 6296 105