50
250 0 389 7
205 18 360 9
278 97 451 6
18 100 270 119
3 101 110 126
17 101 215 75
23 102 616 108
10 109 136 45
17 112 215 75
8 113 166 61
27 119 190 34
14 121 222 107
10 146 193 85
29 135 955 182
201 287 592 8
165 348 552 8
308 411 756 6
142 496 657 8
237 546 918 8
170 569 749 7
9 602 672 92
7 602 707 146
275 619 987 6
66 731 811 13
41 736 795 18
47 744 818 18
139 765 951 9
40 849 925 21
14 904 932 33
10 889 982 135
5 918 934 157
9 899 951 64
22 923 1146 131
16 908 960 89
3 945 950 108
4 924 931 109
15 948 964 51
12 928 1022 68
24 963 1345 106
5 1041 1128 186
4 1054 1153 248
6 1058 1127 138
9 1078 1139 86
5 1079 1162 182
9 1080 1148 91
10 1090 1184 96
10 1117 1212 97
10 1138 1204 81
6 1158 1245 155
6 1184 1251 136